392 366 469 596 171 299 493 61 900 391 793 336 54 228 934 526 459 453 12 409 310 959 502 715 642 140 328 632 637 492 342 202 565 46 666 716 442 134 862 985 492 288 603 519 61 533 593 879 825 964
99 932 282 454 847 786 400 911 587 595 346 864 96 185 104 172 467 497 43 827 932 123 865 885 793 601 518 209 712 252 251 983 146 456 540 675 661 476 293 506 921 354 541 313 326 725 863 172 837 471
591 209 238 15 421 128 195 704 181 355 703 66 883 684 659 39 914 429 230 85 805 554 551 49 444 183 551 750 731 710 63 222 72 940 4 55 339 805 946 456 98 110 551 253 325 234 138 56 708 167
981 530 982 154 135 140 151 53 292 733 757 283 55 731 944 207 947 626 32 168 132 85 212 993 719 221 975 300 636 332 97 239 888 442 962 70 116 879 957 289 643 458 579 832 491 497 373 567 46 237
535 240 581 936 844 362 272 3 903 865 798 804 805 617 878 699 835 655 601 677 967 787 240 639 207 975 644 305 164 14 118 864 78 495 364 933 8 266 645 861 749 330 718 633 322 702 92 760 989 715
38 160 891 823 189 302 366 758 601 155 981 267 955 768 968 953 846 828 879 624 150 722 649 453 831 114 103 487 831 385 702 634 817 665 141 69 276 690 876 505 428 129 342 331 344 717 778 348 829 229
411 261 317 768 924 839 25 824 873 829 431 978 989 209 969 466 510 491 924 522 351 543 961 223 410 295 238 112 976 6 653 237 396 449 439 306 300 723 296 172 434 281 380 427 848 48 10 593 593 291
58 653 34 264 171 798 980 108 188 68 173 406 865 100 141 931 285 626 13 945 390 577 120 68 233 437 946 463 825 100 508 160 720 462 834 86 686 602 903 509 80 627 960 378 321 293 199 934 391 990
564 903 606 552 787 281 785 148 205 701 279 523 439 716 147 567 833 853 878 272 305 880 669 362 850 994 961 374 795 587 945 184 877 956 792 730 238 465 89 208 775 774 588 726 324 522 831 140 262 254
774 417 255 134 96 622 714 892 277 779 134 343 841 841 170 502 196 483 867 709 895 104 312 167 853 447 95 410 895 144 129 674 209 18 682 713 22 20 872 869 753 609 67 923 796 749 957 749 528 944
139 125 307 45 920 182 368 339 485 901 941 -1 -1 -1 -1 -1 -1 -1 -1 -1 -1 -1 -1 -1 -1 -1 -1 -1 -1 -1 -1 -1 -1 -1 -1 -1 -1 -1 -1 -1 731 268 660 234 829 154 673 352 791 271
91 300 38 283 57 351 527 546 764 404 427 -1 -1 -1 -1 -1 -1 -1 -1 -1 -1 -1 -1 -1 -1 -1 -1 -1 -1 -1 -1 -1 -1 -1 -1 -1 -1 -1 -1 -1 186 705 39 212 525 847 922 493 732 764
5 510 697 455 813 53 346 933 625 708 639 -1 -1 -1 -1 -1 -1 -1 -1 -1 -1 -1 -1 -1 -1 -1 -1 -1 -1 -1 -1 -1 -1 -1 -1 -1 -1 -1 -1 -1 833 493 477 753 470 745 678 507 463 8
652 842 159 677 697 430 982 940 353 943 686 -1 -1 -1 -1 -1 -1 -1 -1 -1 -1 -1 -1 -1 -1 -1 -1 -1 -1 -1 -1 -1 -1 -1 -1 -1 -1 -1 -1 -1 319 707 346 353 209 636 627 193 277 829
495 537 559 64 682 601 767 366 106 137 18 -1 -1 -1 -1 -1 -1 -1 -1 -1 -1 -1 -1 -1 -1 -1 -1 -1 -1 -1 -1 -1 -1 -1 -1 -1 -1 -1 -1 -1 964 443 960 716 432 896 3 833 532 945
856 31 980 600 199 92 49 343 760 296 706 -1 -1 -1 -1 -1 -1 -1 -1 -1 -1 -1 -1 -1 -1 -1 -1 -1 -1 -1 -1 -1 -1 -1 -1 -1 -1 -1 -1 -1 971 894 290 404 250 494 354 735 207 615
547 405 998 699 855 407 610 476 347 615 715 -1 -1 -1 -1 -1 -1 -1 -1 -1 -1 -1 -1 -1 -1 -1 -1 -1 -1 -1 -1 -1 -1 -1 -1 -1 -1 -1 -1 -1 223 327 414 980 185 392 325 820 915 913
20 465 147 909 104 669 533 241 264 628 298 -1 -1 -1 -1 -1 -1 -1 -1 -1 -1 -1 -1 -1 -1 -1 -1 -1 -1 -1 -1 -1 -1 -1 -1 -1 -1 -1 -1 -1 778 51 917 776 658 769 967 508 480 401
829 528 425 908 901 557 550 462 416 454 392 -1 -1 -1 -1 -1 -1 -1 -1 -1 -1 -1 -1 -1 -1 -1 -1 -1 -1 -1 -1 -1 -1 -1 -1 -1 -1 -1 -1 -1 626 1000 422 280 567 617 963 960 546 310
823 155 96 865 468 3 262 73 779 661 666 -1 -1 -1 -1 -1 -1 -1 -1 -1 -1 -1 -1 -1 -1 -1 -1 -1 -1 -1 -1 -1 -1 -1 -1 -1 -1 -1 -1 -1 696 629 19 207 230 405 64 879 756 455
93 671 234 449 660 28 773 97 220 911 157 -1 -1 -1 -1 -1 -1 -1 -1 -1 -1 -1 -1 -1 -1 -1 -1 -1 -1 -1 -1 -1 -1 -1 -1 -1 -1 -1 -1 -1 68 80 358 775 423 571 891 675 400 200
682 652 904 64 391 100 185 495 50 209 628 -1 -1 -1 -1 -1 -1 -1 -1 -1 -1 -1 -1 -1 -1 -1 -1 -1 -1 -1 -1 -1 -1 -1 -1 -1 -1 -1 -1 -1 648 428 187 210 801 690 951 835 48 208
166 186 577 62 920 178 88 17 826 772 360 -1 -1 -1 -1 -1 -1 -1 -1 -1 -1 -1 -1 -1 -1 -1 -1 -1 -1 -1 -1 -1 -1 -1 -1 -1 -1 -1 -1 -1 627 72 987 791 716 911 330 701 676 18
628 646 852 734 867 3 706 106 696 590 12 -1 -1 -1 -1 -1 -1 -1 -1 -1 -1 -1 -1 -1 -1 -1 -1 -1 -1 -1 -1 -1 -1 -1 -1 -1 -1 -1 -1 -1 455 398 441 320 933 792 49 878 979 210
286 527 246 921 22 136 112 224 780 900 717 -1 -1 -1 -1 -1 -1 -1 -1 -1 -1 -1 -1 -1 -1 -1 -1 -1 -1 -1 -1 -1 -1 -1 -1 -1 -1 -1 -1 -1 909 753 243 125 605 540 544 769 910 489
529 370 962 54 310 30 97 565 164 52 614 -1 -1 -1 -1 -1 -1 -1 -1 -1 -1 -1 -1 -1 -1 -1 -1 -1 -1 -1 -1 -1 -1 -1 -1 -1 -1 -1 -1 -1 387 699 545 673 690 109 479 317 279 101
618 398 937 739 947 15 502 584 811 9 194 -1 -1 -1 -1 -1 -1 -1 -1 -1 -1 -1 -1 -1 -1 -1 -1 -1 -1 -1 -1 -1 -1 -1 -1 -1 -1 -1 -1 -1 271 31 305 348 113 249 531 987 119 893
560 300 645 793 478 352 235 401 959 712 565 -1 -1 -1 -1 -1 -1 -1 -1 -1 -1 -1 -1 -1 -1 -1 -1 -1 -1 -1 -1 -1 -1 -1 -1 -1 -1 -1 -1 -1 376 824 104 460 522 714 112 908 4 377
138 677 51 833 732 702 14 730 401 342 927 -1 -1 -1 -1 -1 -1 -1 -1 -1 -1 -1 -1 -1 -1 -1 -1 -1 -1 -1 -1 -1 -1 -1 -1 -1 -1 -1 -1 -1 346 913 409 310 83 212 148 74 842 489
108 652 707 581 912 863 51 53 198 869 786 -1 -1 -1 -1 -1 -1 -1 -1 -1 -1 -1 -1 -1 -1 -1 -1 -1 -1 -1 -1 -1 -1 -1 -1 -1 -1 -1 -1 -1 890 744 548 281 431 452 762 538 784 98
251 654 878 489 727 549 38 663 358 668 4 -1 -1 -1 -1 -1 -1 -1 -1 -1 -1 -1 -1 -1 -1 -1 -1 -1 -1 -1 -1 -1 -1 -1 -1 -1 -1 -1 -1 -1 489 345 367 764 650 946 192 301 542 819
293 818 750 975 997 272 711 105 711 831 781 -1 -1 -1 -1 -1 -1 -1 -1 -1 -1 -1 -1 -1 -1 -1 -1 -1 -1 -1 -1 -1 -1 -1 -1 -1 -1 -1 -1 -1 777 135 533 763 855 650 240 58 413 708
476 200 427 121 767 653 340 4 795 57 39 -1 -1 -1 -1 -1 -1 -1 -1 -1 -1 -1 -1 -1 -1 -1 -1 -1 -1 -1 -1 -1 -1 -1 -1 -1 -1 -1 -1 535 281 516 574 173 829 305 74 741 146 545
849 460 877 862 830 769 116 909 807 216 262 -1 -1 -1 -1 -1 -1 -1 -1 -1 -1 -1 -1 -1 -1 -1 -1 -1 -1 -1 -1 -1 -1 -1 -1 -1 -1 -1 -1 144 440 786 860 697 101 958 747 586 813 40
585 463 467 958 865 682 732 18 370 710 557 -1 -1 -1 -1 -1 -1 -1 -1 -1 -1 -1 -1 -1 -1 -1 -1 -1 -1 -1 -1 -1 -1 -1 -1 -1 -1 -1 -1 733 945 36 649 871 508 739 862 320 947 947
864 793 221 276 392 212 843 389 981 938 379 -1 -1 -1 -1 -1 -1 -1 -1 -1 -1 -1 -1 -1 -1 -1 -1 -1 -1 -1 -1 -1 -1 -1 -1 -1 -1 -1 -1 85 805 443 605 833 672 525 381 759 73 847
412 244 436 878 185 589 339 687 724 777 122 -1 -1 -1 -1 -1 -1 -1 -1 -1 -1 -1 -1 -1 -1 -1 -1 -1 -1 -1 -1 -1 -1 -1 -1 -1 -1 -1 -1 544 708 984 916 947 850 930 893 258 11 72
754 708 596 301 802 756 726 517 678 187 22 -1 -1 -1 -1 -1 -1 -1 -1 -1 -1 -1 -1 -1 -1 -1 -1 -1 -1 -1 -1 -1 -1 -1 -1 -1 -1 -1 -1 390 404 507 314 229 349 323 176 346 407 32
290 989 270 982 287 73 23 986 660 958 489 -1 -1 -1 -1 -1 -1 -1 -1 -1 -1 -1 -1 -1 -1 -1 -1 -1 -1 -1 -1 -1 -1 -1 -1 -1 -1 -1 -1 488 602 732 627 894 853 382 968 224 506 883
984 685 499 542 385 147 165 916 316 321 495 22 119 231 904 771 561 233 631 388 493 140 364 504 296 784 48 445 551 344 307 294 115 253 856 619 79 480 526 322 197 381 342 91 133 693 732 201 650 29
504 590 470 475 136 187 638 912 700 687 321 356 109 155 453 712 128 187 786 636 126 171 722 912 210 381 916 469 869 571 707 525 972 339 348 577 50 171 479 826 205 852 487 821 541 880 793 679 154 68
542 521 152 826 7 750 601 571 589 364 518 406 842 548 314 852 966 141 7 970 906 675 928 368 814 571 440 217 204 988 632 507 813 284 487 367 83 428 98 43 231 765 459 303 782 848 63 210 171 83
564 87 319 499 247 73 944 263 130 528 67 768 680 151 83 594 956 116 187 430 607 681 727 386 336 60 910 747 374 136 270 622 132 333 129 900 578 420 768 910 577 94 392 790 747 3 331 492 328 867
295 879 855 229 933 259 157 693 646 830 440 498 599 525 357 650 467 593 644 357 705 997 866 753 874 705 354 276 380 315 977 273 308 677 745 462 731 888 641 59 429 239 202 973 145 698 513 150 554 860
688 861 648 765 783 801 897 219 169 945 765 408 748 259 62 634 293 149 591 194 337 619 694 994 178 463 2 731 698 674 843 178 346 60 720 655 835 473 271 934 203 869 849 561 650 750 853 820 520 283
336 306 466 294 111 428 140 167 381 729 335 556 956 115 825 562 215 34 57 714 931 273 688 839 426 951 302 574 321 469 521 37 676 568 689 595 329 849 789 841 658 915 658 799 855 788 188 450 770 326
541 399 214 901 41 334 928 677 828 372 857 172 641 299 276 609 702 168 922 595 662 383 52 436 674 888 179 575 793 285 805 539 541 616 208 855 944 898 428 648 847 583 564 442 126 616 878 148 155 240
55 480 69 406 532 532 26 797 902 333 419 410 422 941 607 976 959 569 883 16 478 647 77 398 945 968 267 425 600 812 516 347 689 407 591 226 95 787 82 119 450 734 686 45 317 326 274 620 925 416
958 316 172 413 254 517 312 356 492 368 615 980 293 276 516 810 145 517 667 597 499 823 353 794 850 962 940 771 463 534 564 987 198 625 291 845 737 983 185 814 545 689 426 391 910 361 396 736 465 278
198 403 230 766 605 40 109 466 82 553 21 73 268 31 203 625 809 605 398 386 22 210 838 637 251 682 279 941 589 128 583 61 102 471 748 331 250 921 953 403 140 663 139 430 609 763 535 132 354 482