343 712 310 437 912 979 113 708 906 639 696 679 895 251 262 968 517 151 783 560 862 184 770 379 406 291 970 924 628 677
713 808 898 357 24 869 745 950 968 337 565 728 343 982 671 769 688 232 148 806 367 627 4 534 153 767 292 766 485 253
541 749 146 37 712 212 737 909 235 952 131 240 9 265 39 131 361 468 133 629 385 109 21 259 468 17 475 816 719 506
480 810 782 597 395 79 739 638 519 747 893 556 554 60 274 583 594 16 194 639 872 258 108 571 480 100 795 991 65 497
656 175 447 356 872 10 743 987 526 333 326 862 826 619 991 468 127 775 965 359 873 94 447 584 235 826 193 730 876 466
673 754 833 98 176 466 524 494 665 160 839 110 406 581 786 257 556 86 923 79 306 117 107 994 612 352 585 923 531 103
261 50 224 32 947 921 555 251 415 341 606 421 530 685 833 328 616 427 85 332 539 364 720 737 118 963 425 64 78 107
431 82 168 180 324 332 952 757 -1 -1 -1 -1 -1 -1 -1 -1 -1 -1 -1 -1 -1 -1 -1 595 713 785 135 484 326 257
266 620 770 294 368 509 415 356 -1 -1 -1 -1 -1 -1 -1 -1 -1 -1 -1 -1 -1 -1 -1 143 697 226 838 999 560 45
459 826 450 832 566 386 791 327 -1 -1 -1 -1 -1 -1 -1 -1 -1 -1 -1 -1 -1 -1 -1 778 35 695 264 583 659 760
357 60 141 70 33 366 156 226 -1 -1 -1 -1 -1 -1 -1 -1 -1 -1 -1 -1 -1 -1 -1 271 546 832 865 487 402 472
430 555 232 624 867 104 515 863 -1 -1 -1 -1 -1 -1 -1 -1 -1 -1 -1 -1 -1 -1 -1 939 455 819 631 618 463 663
602 449 702 378 942 452 217 526 -1 -1 -1 -1 -1 -1 -1 -1 -1 -1 -1 -1 -1 -1 -1 927 943 166 817 474 392 160
601 724 895 390 675 212 163 241 -1 -1 -1 -1 -1 -1 -1 -1 -1 -1 -1 -1 -1 -1 -1 888 809 758 1000 615 441 92
293 900 717 47 7 673 999 538 -1 -1 -1 -1 -1 -1 -1 -1 -1 -1 -1 -1 -1 -1 -1 453 127 818 522 350 844 793
929 528 984 127 579 839 544 876 -1 -1 -1 -1 -1 -1 -1 -1 -1 -1 -1 -1 -1 -1 -1 744 258 303 6 410 14 372
493 80 952 803 995 488 955 723 -1 -1 -1 -1 -1 -1 -1 -1 -1 -1 -1 -1 -1 -1 -1 62 580 525 398 279 84 804
786 873 825 340 757 300 580 732 -1 -1 -1 -1 -1 -1 -1 -1 -1 -1 -1 -1 -1 -1 -1 739 23 132 700 506 79 586
137 553 601 952 980 487 515 109 -1 -1 -1 -1 -1 -1 -1 -1 -1 -1 -1 -1 -1 -1 -1 892 356 937 651 389 54 115
633 816 739 163 892 412 333 439 -1 -1 -1 -1 -1 -1 -1 -1 -1 -1 -1 -1 -1 -1 -1 367 508 989 587 814 326 2
701 472 380 73 779 113 397 631 -1 -1 -1 -1 -1 -1 -1 -1 -1 -1 -1 -1 -1 -1 -1 927 145 689 360 81 843 194
844 497 72 341 835 240 215 239 -1 -1 -1 -1 -1 -1 -1 -1 -1 -1 -1 -1 -1 -1 -1 569 272 149 80 98 19 680
319 896 635 145 57 39 708 792 151 874 330 357 384 248 922 44 896 969 513 429 843 170 752 290 878 329 347 543 815 958
713 511 903 814 32 761 96 427 343 791 783 713 889 401 856 57 881 585 834 958 26 433 650 461 419 874 174 406 110 172
850 629 462 74 70 264 365 910 178 796 512 821 930 501 582 510 813 708 173 26 661 329 416 797 325 592 750 781 341 107
487 506 541 947 805 142 533 923 391 690 381 390 802 56 698 324 707 142 88 18 72 5 251 583 386 343 133 837 779 798
670 533 928 637 949 34 664 785 151 673 840 816 725 132 30 726 467 838 749 52 56 888 560 235 907 559 635 474 860 947
569 283 56 170 774 959 999 582 274 234 227 596 997 67 254 100 270 697 491 1 840 834 710 194 710 178 741 92 161 985
316 265 343 173 18 599 588 14 930 105 305 641 802 56 982 207 463 317 934 410 113 966 775 413 880 67 33 767 768 404
244 5 922 119 278 778 730 344 912 140 419 944 696 835 432 167 762 134 607 522 95 773 861 696 744 769 958 10 365 32