424 689 993 45 538 880 984 300 125 154 980 139 852 880 153 331 223 378 828 254 496 523 721 889 141 162 631 508 223 659 927 38 67 407 899 429 791 200 252 766 14 208 334 128 71 787 759 591 571 731 957 718 893 883 527 573 279 726 471 372 506 634 798 951 573 760 113 940 610 454 219 969 821 64 282 658 86 243 253 778 449 882 742 33 684 997 317 918 481 680 909 205 332 616 219 411 782 516 851 953
279 296 654 591 784 898 144 204 310 465 920 964 919 526 590 37 159 780 620 623 32 308 434 721 220 896 330 94 7 542 996 22 825 421 668 129 170 836 345 650 128 720 335 177 342 774 1000 499 430 578 343 101 441 119 966 542 605 415 850 772 32 269 788 730 922 682 809 217 656 124 309 308 127 957 700 160 967 427 459 907 225 611 670 140 322 123 897 587 521 25 147 938 806 365 456 53 61 438 719 163
393 73 304 151 307 441 348 584 918 939 500 651 195 845 322 666 506 142 375 979 194 411 109 530 671 757 259 207 442 295 480 101 448 143 953 572 381 275 102 495 19 647 306 16 333 541 674 236 280 661 327 618 220 493 439 337 358 180 736 250 10 730 350 98 368 586 128 267 420 428 102 292 578 941 925 295 849 593 781 314 135 275 522 409 885 98 938 562 885 55 503 810 57 893 821 7 125 993 189 779
238 902 551 593 848 858 54 959 270 961 178 399 340 662 685 213 899 523 654 511 487 708 349 188 575 574 919 129 664 218 994 67 362 932 124 166 529 584 874 501 944 239 430 691 26 726 792 833 753 407 994 624 563 308 134 657 890 697 426 3 908 681 901 701 443 508 730 940 7 295 333 183 905 189 349 849 154 900 905 814 844 554 903 57 775 81 282 813 280 352 586 459 862 957 522 939 854 814 90 109
377 997 768 335 588 612 244 181 530 218 214 853 673 677 695 685 168 520 837 239 408 430 846 1000 900 363 82 110 478 633 89 916 79 965 629 458 711 898 155 704 390 229 910 853 441 9 748 604 432 509 213 584 640 107 209 624 20 370 121 669 681 663 944 290 258 857 883 579 593 251 214 34 191 62 433 663 782 15 452 135 380 965 262 376 10 239 147 674 278 588 927 128 317 331 686 216 439 198 59 206
538 693 290 702 859 844 905 620 415 826 779 810 848 989 167 935 111 531 864 201 647 601 652 175 956 198 38 730 740 645 124 522 817 794 140 323 253 232 779 817 814 690 600 826 395 865 816 651 438 941 65 477 484 400 35 160 465 174 277 873 208 961 701 312 426 828 354 493 149 174 934 820 176 465 255 390 861 427 998 762 399 509 859 979 189 66 815 315 758 602 547 544 542 615 511 621 636 759 285 25
536 108 591 128 85 180 827 813 970 253 208 802 585 854 106 108 915 113 880 539 352 259 888 459 859 174 745 391 919 940 896 931 681 963 11 673 472 209 310 376 522 848 796 560 712 236 776 753 949 291 84 606 811 813 73 477 390 886 881 753 69 744 649 994 958 797 666 43 456 28 866 21 911 226 742 820 3 676 962 784 834 578 36 557 367 623 334 741 58 120 251 164 578 970 30 556 14 236 187 985
553 558 467 529 442 501 230 640 773 464 542 694 584 874 103 280 995 289 257 640 271 243 597 887 990 569 611 873 442 877 479 158 126 607 447 969 978 85 811 238 83 556 869 729 179 618 154 652 862 238 712 640 662 402 712 1000 32 295 111 203 814 626 169 600 695 37 238 342 349 456 480 300 790 178 755 238 646 226 295 314 83 947 980 553 338 39 93 457 969 787 366 755 5 843 897 509 800 939 630 696
840 675 510 196 967 890 152 841 500 159 217 192 664 81 926 375 664 396 37 851 885 397 100 743 348 73 339 228 346 893 444 56 650 191 586 704 175 348 529 345 540 650 774 826 738 160 520 700 969 795 679 934 138 179 51 43 699 606 816 285 436 708 665 199 530 595 434 718 203 613 570 241 697 495 272 426 226 428 421 75 678 347 515 973 98 124 892 886 325 538 597 105 147 718 143 856 832 534 672 321
829 573 581 632 368 324 531 477 171 270 735 286 754 61 224 61 53 394 814 956 88 745 577 797 395 100 755 300 317 452 340 988 793 986 469 963 307 917 120 49 364 245 48 876 739 944 644 855 484 114 800 180 918 362 293 64 744 234 552 262 693 239 2 622 49 706 647 958 227 261 290 513 300 178 896 392 31 673 506 70 83 720 768 832 397 79 59 997 610 172 841 208 945 728 782 346 832 781 400 481
660 83 378 874 285 102 592 839 613 324 464 482 744 929 379 793 364 222 324 584 301 412 72 847 831 519 717 225 796 783 79 484 645 179 642 197 174 240 232 913 514 801 468 88 304 959 608 630 60 252 252 362 920 963 32 780 996 651 404 553 587 5 453 785 263 3 74 388 992 930 103 977 937 602 553 248 171 756 676 105 15 395 689 181 925 151 140 860 210 119 953 28 712 263 293 888 627 5 235 702
531 370 677 150 322 360 677 628 961 397 300 670 826 773 989 311 185 355 101 426 849 979 687 407 99 659 76 353 82 732 691 651 422 79 442 692 314 783 542 128 505 847 623 956 286 677 366 634 754 343 98 749 610 108 119 591 448 374 697 538 105 838 153 219 271 416 909 141 913 168 950 573 793 710 973 697 182 430 350 671 114 834 609 347 908 36 173 32 145 101 460 644 742 17 30 494 90 261 569 421
18 157 236 581 149 712 99 530 784 211 431 371 650 542 598 974 916 205 53 940 325 611 526 674 740 414 881 133 985 485 210 654 355 152 99 248 358 878 11 535 425 606 269 804 631 281 492 159 244 815 573 556 410 824 605 299 156 189 229 793 154 150 107 76 318 54 386 190 175 397 164 255 939 365 967 993 186 263 733 855 73 135 289 910 196 951 895 936 390 624 580 540 743 101 91 803 667 942 596 157
275 269 854 872 556 324 726 859 970 604 92 977 661 410 499 864 523 363 293 703 969 959 820 661 327 728 585 20 273 515 651 607 705 31 805 258 239 831 222 628 227 486 354 569 865 442 456 501 749 226 485 445 119 394 471 944 618 937 325 966 577 49 342 880 425 390 55 992 533 530 170 249 943 504 124 226 444 46 734 775 762 673 311 136 156 835 449 119 694 1 455 859 254 726 825 839 454 808 943 963
41 968 229 190 784 798 27 145 612 267 414 354 35 954 790 -1 -1 -1 -1 -1 -1 -1 -1 -1 -1 -1 -1 -1 -1 -1 -1 -1 -1 -1 -1 -1 -1 -1 -1 -1 -1 -1 -1 -1 -1 -1 -1 -1 -1 -1 -1 -1 -1 -1 -1 -1 -1 -1 -1 -1 -1 -1 -1 -1 -1 -1 -1 -1 -1 -1 -1 -1 -1 -1 -1 -1 -1 -1 -1 -1 -1 -1 -1 -1 -1 -1 590 272 618 550 248 156 841 546 436 222 736 18 926 401
629 331 374 533 432 738 555 71 819 321 378 153 346 665 70 -1 -1 -1 -1 -1 -1 -1 -1 -1 -1 -1 -1 -1 -1 -1 -1 -1 -1 -1 -1 -1 -1 -1 -1 -1 -1 -1 -1 -1 -1 -1 -1 -1 -1 -1 -1 -1 -1 -1 -1 -1 -1 -1 -1 -1 -1 -1 -1 -1 -1 -1 -1 -1 -1 -1 -1 -1 -1 -1 -1 -1 -1 -1 -1 -1 -1 -1 -1 -1 -1 -1 886 866 584 501 68 264 953 293 550 320 372 189 313 288
583 321 987 754 150 670 291 662 674 567 391 277 543 144 639 -1 -1 -1 -1 -1 -1 -1 -1 -1 -1 -1 -1 -1 -1 -1 -1 -1 -1 -1 -1 -1 -1 -1 -1 -1 -1 -1 -1 -1 -1 -1 -1 -1 -1 -1 -1 -1 -1 -1 -1 -1 -1 -1 -1 -1 -1 -1 -1 -1 -1 -1 -1 -1 -1 -1 -1 -1 -1 -1 -1 -1 -1 -1 -1 -1 -1 -1 -1 -1 -1 -1 344 645 164 721 516 957 214 822 607 683 858 244 793 46
665 38 86 57 120 958 566 776 348 467 614 179 503 974 702 -1 -1 -1 -1 -1 -1 -1 -1 -1 -1 -1 -1 -1 -1 -1 -1 -1 -1 -1 -1 -1 -1 -1 -1 -1 -1 -1 -1 -1 -1 -1 -1 -1 -1 -1 -1 -1 -1 -1 -1 -1 -1 -1 -1 -1 -1 -1 -1 -1 -1 -1 -1 -1 -1 -1 -1 -1 -1 -1 -1 -1 -1 -1 -1 -1 -1 -1 -1 -1 -1 -1 210 318 705 545 115 126 617 792 578 63 272 48 464 677
137 758 122 563 290 339 352 95 140 415 844 531 432 304 766 -1 -1 -1 -1 -1 -1 -1 -1 -1 -1 -1 -1 -1 -1 -1 -1 -1 -1 -1 -1 -1 -1 -1 -1 -1 -1 -1 -1 -1 -1 -1 -1 -1 -1 -1 -1 -1 -1 -1 -1 -1 -1 -1 -1 -1 -1 -1 -1 -1 -1 -1 -1 -1 -1 -1 -1 -1 -1 -1 -1 -1 -1 -1 -1 -1 -1 -1 -1 -1 -1 -1 443 423 155 312 425 229 350 490 518 174 675 209 852 609
926 581 517 570 483 572 382 218 737 655 188 675 874 279 748 -1 -1 -1 -1 -1 -1 -1 -1 -1 -1 -1 -1 -1 -1 -1 -1 -1 -1 -1 -1 -1 -1 -1 -1 -1 -1 -1 -1 -1 -1 -1 -1 -1 -1 -1 -1 -1 -1 -1 -1 -1 -1 -1 -1 -1 -1 -1 -1 -1 -1 -1 -1 -1 -1 -1 -1 -1 -1 -1 -1 -1 -1 -1 -1 -1 -1 -1 -1 -1 -1 -1 469 276 148 90 56 864 196 310 533 837 988 720 115 778
176 121 865 823 174 257 631 282 415 65 803 393 208 964 766 -1 -1 -1 -1 -1 -1 -1 -1 -1 -1 -1 -1 -1 -1 -1 -1 -1 -1 -1 -1 -1 -1 -1 -1 -1 -1 -1 -1 -1 -1 -1 -1 -1 -1 -1 -1 -1 -1 -1 -1 -1 -1 -1 -1 -1 -1 -1 -1 -1 -1 -1 -1 -1 -1 -1 -1 -1 -1 -1 -1 -1 -1 -1 -1 -1 -1 -1 -1 -1 -1 -1 746 796 301 536 766 989 265 638 27 663 859 342 755 965
651 196 549 998 10 595 504 1000 579 66 828 691 902 414 437 -1 -1 -1 -1 -1 -1 -1 -1 -1 -1 -1 -1 -1 -1 -1 -1 -1 -1 -1 -1 -1 -1 -1 -1 -1 -1 -1 -1 -1 -1 -1 -1 -1 -1 -1 -1 -1 -1 -1 -1 -1 -1 -1 -1 -1 -1 -1 -1 -1 -1 -1 -1 -1 -1 -1 -1 -1 -1 -1 -1 -1 -1 -1 -1 -1 -1 -1 -1 -1 -1 -1 812 899 871 704 817 429 546 273 611 868 197 952 275 516
242 506 842 476 780 926 791 649 752 117 564 705 187 695 109 -1 -1 -1 -1 -1 -1 -1 -1 -1 -1 -1 -1 -1 -1 -1 -1 -1 -1 -1 -1 -1 -1 -1 -1 -1 -1 -1 -1 -1 -1 -1 -1 -1 -1 -1 -1 -1 -1 -1 -1 -1 -1 -1 -1 -1 -1 -1 -1 -1 -1 -1 -1 -1 -1 -1 -1 -1 -1 -1 -1 -1 -1 -1 -1 -1 -1 -1 -1 -1 -1 -1 425 878 917 54 176 528 479 349 292 874 10 266 985 238
238 429 481 606 531 503 887 857 301 111 957 67 639 995 619 -1 -1 -1 -1 -1 -1 -1 -1 -1 -1 -1 -1 -1 -1 -1 -1 -1 -1 -1 -1 -1 -1 -1 -1 -1 -1 -1 -1 -1 -1 -1 -1 -1 -1 -1 -1 -1 -1 -1 -1 -1 -1 -1 -1 -1 -1 -1 -1 -1 -1 -1 -1 -1 -1 -1 -1 -1 -1 -1 -1 -1 -1 -1 -1 -1 -1 -1 -1 -1 -1 -1 561 153 462 414 517 495 472 234 665 384 707 839 992 858
476 932 132 898 170 696 488 841 477 211 459 779 521 92 820 -1 -1 -1 -1 -1 -1 -1 -1 -1 -1 -1 -1 -1 -1 -1 -1 -1 -1 -1 -1 -1 -1 -1 -1 -1 -1 -1 -1 -1 -1 -1 -1 -1 -1 -1 -1 -1 -1 -1 -1 -1 -1 -1 -1 -1 -1 -1 -1 -1 -1 -1 -1 -1 -1 -1 -1 -1 -1 -1 -1 -1 -1 -1 -1 -1 -1 -1 -1 -1 -1 -1 145 745 541 57 271 744 419 303 433 984 180 373 396 151
813 872 590 219 199 156 528 6 626 488 842 134 994 441 546 -1 -1 -1 -1 -1 -1 -1 -1 -1 -1 -1 -1 -1 -1 -1 -1 -1 -1 -1 -1 -1 -1 -1 -1 -1 -1 -1 -1 -1 -1 -1 -1 -1 -1 -1 -1 -1 -1 -1 -1 -1 -1 -1 -1 -1 -1 -1 -1 -1 -1 -1 -1 -1 -1 -1 -1 -1 -1 -1 -1 -1 -1 -1 -1 -1 -1 -1 -1 -1 -1 -1 176 624 215 957 880 479 528 184 270 975 322 898 678 78
96 299 815 807 126 939 45 500 115 371 18 392 952 499 898 -1 -1 -1 -1 -1 -1 -1 -1 -1 -1 -1 -1 -1 -1 -1 -1 -1 -1 -1 -1 -1 -1 -1 -1 -1 -1 -1 -1 -1 -1 -1 -1 -1 -1 -1 -1 -1 -1 -1 -1 -1 -1 -1 -1 -1 -1 -1 -1 -1 -1 -1 -1 -1 -1 -1 -1 -1 -1 -1 -1 -1 -1 -1 -1 -1 -1 -1 -1 -1 -1 -1 230 769 87 806 825 551 226 526 611 73 415 849 608 751
477 119 460 34 664 573 1 559 933 614 243 353 931 874 400 -1 -1 -1 -1 -1 -1 -1 -1 -1 -1 -1 -1 -1 -1 -1 -1 -1 -1 -1 -1 -1 -1 -1 -1 -1 -1 -1 -1 -1 -1 -1 -1 -1 -1 -1 -1 -1 -1 -1 -1 -1 -1 -1 -1 -1 -1 -1 -1 -1 -1 -1 -1 -1 -1 -1 -1 -1 -1 -1 -1 -1 -1 -1 -1 -1 -1 -1 -1 -1 -1 -1 703 492 667 285 903 957 322 488 499 622 17 518 82 820
764 574 506 584 693 601 215 595 441 315 885 819 80 290 800 -1 -1 -1 -1 -1 -1 -1 -1 -1 -1 -1 -1 -1 -1 -1 -1 -1 -1 -1 -1 -1 -1 -1 -1 -1 -1 -1 -1 -1 -1 -1 -1 -1 -1 -1 -1 -1 -1 -1 -1 -1 -1 -1 -1 -1 -1 -1 -1 -1 -1 -1 -1 -1 -1 -1 -1 -1 -1 -1 -1 -1 -1 -1 -1 -1 -1 -1 -1 -1 -1 -1 230 560 686 547 504 708 23 536 672 487 820 222 927 811
351 570 57 557 785 79 837 499 448 157 574 619 439 715 356 -1 -1 -1 -1 -1 -1 -1 -1 -1 -1 -1 -1 -1 -1 -1 -1 -1 -1 -1 -1 -1 -1 -1 -1 -1 -1 -1 -1 -1 -1 -1 -1 -1 -1 -1 -1 -1 -1 -1 -1 -1 -1 -1 -1 -1 -1 -1 -1 -1 -1 -1 -1 -1 -1 -1 -1 -1 -1 -1 -1 -1 -1 -1 -1 -1 -1 -1 -1 -1 -1 -1 719 422 960 268 716 528 718 164 207 986 90 918 930 166
493 52 215 448 811 214 799 344 723 701 429 615 223 448 578 -1 -1 -1 -1 -1 -1 -1 -1 -1 -1 -1 -1 -1 -1 -1 -1 -1 -1 -1 -1 -1 -1 -1 -1 -1 -1 -1 -1 -1 -1 -1 -1 -1 -1 -1 -1 -1 -1 -1 -1 -1 -1 -1 -1 -1 -1 -1 -1 -1 -1 -1 -1 -1 -1 -1 -1 -1 -1 -1 -1 -1 -1 -1 -1 -1 -1 -1 -1 -1 -1 -1 878 131 883 359 369 844 299 833 991 823 536 658 461 811
52 564 209 137 938 273 875 657 338 694 500 404 828 894 150 -1 -1 -1 -1 -1 -1 -1 -1 -1 -1 -1 -1 -1 -1 -1 -1 -1 -1 -1 -1 -1 -1 -1 -1 -1 -1 -1 -1 -1 -1 -1 -1 -1 -1 -1 -1 -1 -1 -1 -1 -1 -1 -1 -1 -1 -1 -1 -1 -1 -1 -1 -1 -1 -1 -1 -1 -1 -1 -1 -1 -1 -1 -1 -1 -1 -1 -1 -1 -1 -1 -1 441 998 626 70 663 449 363 557 11 500 782 996 632 338
715 902 267 301 131 509 871 145 125 958 343 185 256 691 323 -1 -1 -1 -1 -1 -1 -1 -1 -1 -1 -1 -1 -1 -1 -1 -1 -1 -1 -1 -1 -1 -1 -1 -1 -1 -1 -1 -1 -1 -1 -1 -1 -1 -1 -1 -1 -1 -1 -1 -1 -1 -1 -1 -1 -1 -1 -1 -1 -1 -1 -1 -1 -1 -1 -1 -1 -1 -1 -1 -1 -1 -1 -1 -1 -1 -1 -1 -1 -1 -1 -1 186 866 776 171 364 937 915 660 536 938 947 628 466 484
664 27 809 869 497 363 634 965 390 68 754 268 668 528 182 -1 -1 -1 -1 -1 -1 -1 -1 -1 -1 -1 -1 -1 -1 -1 -1 -1 -1 -1 -1 -1 -1 -1 -1 -1 -1 -1 -1 -1 -1 -1 -1 -1 -1 -1 -1 -1 -1 -1 -1 -1 -1 -1 -1 -1 -1 -1 -1 -1 -1 -1 -1 -1 -1 -1 -1 -1 -1 -1 -1 -1 -1 -1 -1 -1 -1 -1 -1 -1 -1 -1 466 540 398 693 293 766 497 174 944 970 80 543 485 201
278 943 99 110 973 704 688 402 890 987 760 368 929 982 867 -1 -1 -1 -1 -1 -1 -1 -1 -1 -1 -1 -1 -1 -1 -1 -1 -1 -1 -1 -1 -1 -1 -1 -1 -1 -1 -1 -1 -1 -1 -1 -1 -1 -1 -1 -1 -1 -1 -1 -1 -1 -1 -1 -1 -1 -1 -1 -1 -1 -1 -1 -1 -1 -1 -1 -1 -1 -1 -1 -1 -1 -1 -1 -1 -1 -1 -1 -1 -1 -1 -1 393 424 719 76 423 378 554 684 183 531 54 180 775 293
388 177 295 624 587 649 28 761 275 544 684 1000 674 177 983 -1 -1 -1 -1 -1 -1 -1 -1 -1 -1 -1 -1 -1 -1 -1 -1 -1 -1 -1 -1 -1 -1 -1 -1 -1 -1 -1 -1 -1 -1 -1 -1 -1 -1 -1 -1 -1 -1 -1 -1 -1 -1 -1 -1 -1 -1 -1 -1 -1 -1 -1 -1 -1 -1 -1 -1 -1 -1 -1 -1 -1 -1 -1 -1 -1 -1 -1 -1 -1 -1 -1 71 460 561 740 726 278 331 830 199 849 593 906 807 843
970 703 353 163 222 473 115 441 686 745 263 833 192 710 494 -1 -1 -1 -1 -1 -1 -1 -1 -1 -1 -1 -1 -1 -1 -1 -1 -1 -1 -1 -1 -1 -1 -1 -1 -1 -1 -1 -1 -1 -1 -1 -1 -1 -1 -1 -1 -1 -1 -1 -1 -1 -1 -1 -1 -1 -1 -1 -1 -1 -1 -1 -1 -1 -1 -1 -1 -1 -1 -1 -1 -1 -1 -1 -1 -1 -1 -1 -1 -1 -1 -1 962 797 822 121 665 912 291 290 134 864 893 156 746 493
494 546 173 929 847 639 838 142 918 539 871 624 987 468 430 -1 -1 -1 -1 -1 -1 -1 -1 -1 -1 -1 -1 -1 -1 -1 -1 -1 -1 -1 -1 -1 -1 -1 -1 -1 -1 -1 -1 -1 -1 -1 -1 -1 -1 -1 -1 -1 -1 -1 -1 -1 -1 -1 -1 -1 -1 -1 -1 -1 -1 -1 -1 -1 -1 -1 -1 -1 -1 -1 -1 -1 -1 -1 -1 -1 -1 -1 -1 -1 -1 -1 868 452 371 661 809 49 617 727 60 816 979 350 583 913
312 76 25 275 121 762 798 789 893 646 274 626 120 45 218 -1 -1 -1 -1 -1 -1 -1 -1 -1 -1 -1 -1 -1 -1 -1 -1 -1 -1 -1 -1 -1 -1 -1 -1 -1 -1 -1 -1 -1 -1 -1 -1 -1 -1 -1 -1 -1 -1 -1 -1 -1 -1 -1 -1 -1 -1 -1 -1 -1 -1 -1 -1 -1 -1 -1 -1 -1 -1 -1 -1 -1 -1 -1 -1 -1 -1 -1 -1 -1 -1 -1 110 550 450 1000 988 733 154 537 235 272 380 906 606 298
719 35 477 865 347 411 839 306 307 663 364 315 15 592 441 -1 -1 -1 -1 -1 -1 -1 -1 -1 -1 -1 -1 -1 -1 -1 -1 -1 -1 -1 -1 -1 -1 -1 -1 -1 -1 -1 -1 -1 -1 -1 -1 -1 -1 -1 -1 -1 -1 -1 -1 -1 -1 -1 -1 -1 -1 -1 -1 -1 -1 -1 -1 -1 -1 -1 -1 -1 -1 -1 -1 -1 -1 -1 -1 -1 -1 -1 -1 -1 -1 -1 459 728 449 68 720 123 1000 798 181 221 485 558 898 689
211 481 398 378 135 783 355 934 701 96 324 498 680 297 588 -1 -1 -1 -1 -1 -1 -1 -1 -1 -1 -1 -1 -1 -1 -1 -1 -1 -1 -1 -1 -1 -1 -1 -1 -1 -1 -1 -1 -1 -1 -1 -1 -1 -1 -1 -1 -1 -1 -1 -1 -1 -1 -1 -1 -1 -1 -1 -1 -1 -1 -1 -1 -1 -1 -1 -1 -1 -1 -1 -1 -1 -1 -1 -1 -1 -1 -1 -1 -1 -1 -1 238 738 643 825 786 144 817 623 459 785 194 767 945 43
29 509 578 100 616 120 982 103 759 166 575 885 788 931 425 -1 -1 -1 -1 -1 -1 -1 -1 -1 -1 -1 -1 -1 -1 -1 -1 -1 -1 -1 -1 -1 -1 -1 -1 -1 -1 -1 -1 -1 -1 -1 -1 -1 -1 -1 -1 -1 -1 -1 -1 -1 -1 -1 -1 -1 -1 -1 -1 -1 -1 -1 -1 -1 -1 -1 -1 -1 -1 -1 -1 -1 -1 -1 -1 -1 -1 -1 -1 -1 -1 -1 453 730 848 802 446 494 207 113 862 329 330 203 498 960
794 162 967 41 836 193 976 909 630 923 643 984 902 203 747 -1 -1 -1 -1 -1 -1 -1 -1 -1 -1 -1 -1 -1 -1 -1 -1 -1 -1 -1 -1 -1 -1 -1 -1 -1 -1 -1 -1 -1 -1 -1 -1 -1 -1 -1 -1 -1 -1 -1 -1 -1 -1 -1 -1 -1 -1 -1 -1 -1 -1 -1 -1 -1 -1 -1 -1 -1 -1 -1 -1 -1 -1 -1 -1 -1 -1 -1 -1 -1 -1 -1 176 654 385 82 982 895 166 538 667 391 194 582 649 766
692 410 769 922 290 78 871 444 248 367 341 303 442 997 981 -1 -1 -1 -1 -1 -1 -1 -1 -1 -1 -1 -1 -1 -1 -1 -1 -1 -1 -1 -1 -1 -1 -1 -1 -1 -1 -1 -1 -1 -1 -1 -1 -1 -1 -1 -1 -1 -1 -1 -1 -1 -1 -1 -1 -1 -1 -1 -1 -1 -1 -1 -1 -1 -1 -1 -1 -1 -1 -1 -1 -1 -1 -1 -1 -1 -1 -1 -1 -1 -1 -1 216 651 832 537 19 639 771 144 951 682 569 794 877 511
524 937 279 466 31 132 107 137 660 730 851 306 356 942 369 -1 -1 -1 -1 -1 -1 -1 -1 -1 -1 -1 -1 -1 -1 -1 -1 -1 -1 -1 -1 -1 -1 -1 -1 -1 -1 -1 -1 -1 -1 -1 -1 -1 -1 -1 -1 -1 -1 -1 -1 -1 -1 -1 -1 -1 -1 -1 -1 -1 -1 -1 -1 -1 -1 -1 -1 -1 -1 -1 -1 -1 -1 -1 -1 -1 -1 -1 -1 -1 -1 244 554 466 509 821 332 494 259 680 79 818 610 246 131 480
975 875 608 704 927 802 433 228 455 97 516 77 480 260 237 -1 -1 -1 -1 -1 -1 -1 -1 -1 -1 -1 -1 -1 -1 -1 -1 -1 -1 -1 -1 -1 -1 -1 -1 -1 -1 -1 -1 -1 -1 -1 -1 -1 -1 -1 -1 -1 -1 -1 -1 -1 -1 -1 -1 -1 -1 -1 -1 -1 -1 -1 -1 -1 -1 -1 -1 -1 -1 -1 -1 -1 -1 -1 -1 -1 -1 -1 -1 -1 -1 275 264 326 709 617 172 589 431 809 356 589 369 513 260 719
69 597 921 275 901 99 514 781 141 166 472 307 57 588 849 -1 -1 -1 -1 -1 -1 -1 -1 -1 -1 -1 -1 -1 -1 -1 -1 -1 -1 -1 -1 -1 -1 -1 -1 -1 -1 -1 -1 -1 -1 -1 -1 -1 -1 -1 -1 -1 -1 -1 -1 -1 -1 -1 -1 -1 -1 -1 -1 -1 -1 -1 -1 -1 -1 -1 -1 -1 -1 -1 -1 -1 -1 -1 -1 -1 -1 -1 -1 -1 -1 667 7 368 931 930 722 851 296 269 866 355 801 703 66 919
430 755 540 183 315 482 245 560 166 782 5 874 228 538 436 -1 -1 -1 -1 -1 -1 -1 -1 -1 -1 -1 -1 -1 -1 -1 -1 -1 -1 -1 -1 -1 -1 -1 -1 -1 -1 -1 -1 -1 -1 -1 -1 -1 -1 -1 -1 -1 -1 -1 -1 -1 -1 -1 -1 -1 -1 -1 -1 -1 -1 -1 -1 -1 -1 -1 -1 -1 -1 -1 -1 -1 -1 -1 -1 -1 -1 -1 -1 -1 -1 442 651 417 623 190 297 788 37 383 703 34 776 256 637 938
94 190 632 301 790 147 741 269 179 485 891 52 348 946 731 -1 -1 -1 -1 -1 -1 -1 -1 -1 -1 -1 -1 -1 -1 -1 -1 -1 -1 -1 -1 -1 -1 -1 -1 -1 -1 -1 -1 -1 -1 -1 -1 -1 -1 -1 -1 -1 -1 -1 -1 -1 -1 -1 -1 -1 -1 -1 -1 -1 -1 -1 -1 -1 -1 -1 -1 -1 -1 -1 -1 -1 -1 -1 -1 -1 -1 -1 -1 -1 -1 752 299 929 305 314 279 940 389 450 772 640 271 818 154 710
523 920 771 440 967 354 965 217 960 268 632 782 371 571 239 -1 -1 -1 -1 -1 -1 -1 -1 -1 -1 -1 -1 -1 -1 -1 -1 -1 -1 -1 -1 -1 -1 -1 -1 -1 -1 -1 -1 -1 -1 -1 -1 -1 -1 -1 -1 -1 -1 -1 -1 -1 -1 -1 -1 -1 -1 -1 -1 -1 -1 -1 -1 -1 -1 -1 -1 -1 -1 -1 -1 -1 -1 -1 -1 -1 -1 -1 -1 -1 -1 645 648 612 398 649 985 808 71 133 927 693 324 457 343 567
746 425 700 42 453 353 821 97 127 675 424 629 397 105 15 -1 -1 -1 -1 -1 -1 -1 -1 -1 -1 -1 -1 -1 -1 -1 -1 -1 -1 -1 -1 -1 -1 -1 -1 -1 -1 -1 -1 -1 -1 -1 -1 -1 -1 -1 -1 -1 -1 -1 -1 -1 -1 -1 -1 -1 -1 -1 -1 -1 -1 -1 -1 -1 -1 -1 -1 -1 -1 -1 -1 -1 -1 -1 -1 -1 -1 -1 -1 -1 -1 883 738 39 889 275 107 102 244 457 3 797 978 174 582 680
631 579 248 159 935 979 151 30 147 130 65 788 943 763 755 -1 -1 -1 -1 -1 -1 -1 -1 -1 -1 -1 -1 -1 -1 -1 -1 -1 -1 -1 -1 -1 -1 -1 -1 -1 -1 -1 -1 -1 -1 -1 -1 -1 -1 -1 -1 -1 -1 -1 -1 -1 -1 -1 -1 -1 -1 -1 -1 -1 -1 -1 -1 -1 -1 -1 -1 -1 -1 -1 -1 -1 -1 -1 -1 -1 -1 -1 -1 -1 -1 980 70 509 844 548 738 844 287 723 804 249 137 953 354 526
991 253 640 296 189 234 265 679 979 382 66 452 986 471 415 -1 -1 -1 -1 -1 -1 -1 -1 -1 -1 -1 -1 -1 -1 -1 -1 -1 -1 -1 -1 -1 -1 -1 -1 -1 -1 -1 -1 -1 -1 -1 -1 -1 -1 -1 -1 -1 -1 -1 -1 -1 -1 -1 -1 -1 -1 -1 -1 -1 -1 -1 -1 -1 -1 -1 -1 -1 -1 -1 -1 -1 -1 -1 -1 -1 -1 -1 -1 -1 -1 408 991 487 150 601 952 892 913 358 368 140 531 778 718 9
280 528 334 402 295 449 40 589 822 772 660 559 360 320 125 -1 -1 -1 -1 -1 -1 -1 -1 -1 -1 -1 -1 -1 -1 -1 -1 -1 -1 -1 -1 -1 -1 -1 -1 -1 -1 -1 -1 -1 -1 -1 -1 -1 -1 -1 -1 -1 -1 -1 -1 -1 -1 -1 -1 -1 -1 -1 -1 -1 -1 -1 -1 -1 -1 -1 -1 -1 -1 -1 -1 -1 -1 -1 -1 -1 -1 -1 -1 -1 -1 457 55 322 767 158 589 392 679 802 766 568 331 490 980 351
66 222 316 450 372 325 904 838 685 776 423 856 179 564 926 -1 -1 -1 -1 -1 -1 -1 -1 -1 -1 -1 -1 -1 -1 -1 -1 -1 -1 -1 -1 -1 -1 -1 -1 -1 -1 -1 -1 -1 -1 -1 -1 -1 -1 -1 -1 -1 -1 -1 -1 -1 -1 -1 -1 -1 -1 -1 -1 -1 -1 -1 -1 -1 -1 -1 -1 -1 -1 -1 -1 -1 -1 -1 -1 -1 -1 -1 -1 -1 -1 5 284 616 426 881 469 107 674 920 498 202 498 141 15 913
441 432 837 221 959 434 283 100 868 547 724 457 260 635 882 -1 -1 -1 -1 -1 -1 -1 -1 -1 -1 -1 -1 -1 -1 -1 -1 -1 -1 -1 -1 -1 -1 -1 -1 -1 -1 -1 -1 -1 -1 -1 -1 -1 -1 -1 -1 -1 -1 -1 -1 -1 -1 -1 -1 -1 -1 -1 -1 -1 -1 -1 -1 -1 -1 -1 -1 -1 -1 -1 -1 -1 -1 -1 -1 -1 -1 -1 -1 -1 -1 915 137 158 273 397 294 1 136 126 933 68 856 566 449 701
181 248 982 499 119 484 57 229 20 356 987 66 174 242 479 -1 -1 -1 -1 -1 -1 -1 -1 -1 -1 -1 -1 -1 -1 -1 -1 -1 -1 -1 -1 -1 -1 -1 -1 -1 -1 -1 -1 -1 -1 -1 -1 -1 -1 -1 -1 -1 -1 -1 -1 -1 -1 -1 -1 -1 -1 -1 -1 -1 -1 -1 -1 -1 -1 -1 -1 -1 -1 -1 -1 -1 -1 -1 -1 -1 -1 -1 -1 -1 -1 206 502 467 710 576 492 477 460 479 418 103 219 689 552 993
971 711 395 965 671 315 233 254 551 767 421 648 291 594 767 -1 -1 -1 -1 -1 -1 -1 -1 -1 -1 -1 -1 -1 -1 -1 -1 -1 -1 -1 -1 -1 -1 -1 -1 -1 -1 -1 -1 -1 -1 -1 -1 -1 -1 -1 -1 -1 -1 -1 -1 -1 -1 -1 -1 -1 -1 -1 -1 -1 -1 -1 -1 -1 -1 -1 -1 -1 -1 -1 -1 -1 -1 -1 -1 -1 -1 -1 -1 -1 -1 357 880 970 778 446 280 971 419 625 154 31 805 671 884 8
388 285 747 229 534 333 755 9 649 335 355 567 529 987 792 -1 -1 -1 -1 -1 -1 -1 -1 -1 -1 -1 -1 -1 -1 -1 -1 -1 -1 -1 -1 -1 -1 -1 -1 -1 -1 -1 -1 -1 -1 -1 -1 -1 -1 -1 -1 -1 -1 -1 -1 -1 -1 -1 -1 -1 -1 -1 -1 -1 -1 -1 -1 -1 -1 -1 -1 -1 -1 -1 -1 -1 -1 -1 -1 -1 -1 -1 -1 -1 -1 693 260 378 78 238 863 639 699 630 357 763 729 815 724 629
998 290 768 941 478 972 21 611 784 561 839 57 212 697 303 -1 -1 -1 -1 -1 -1 -1 -1 -1 -1 -1 -1 -1 -1 -1 -1 -1 -1 -1 -1 -1 -1 -1 -1 -1 -1 -1 -1 -1 -1 -1 -1 -1 -1 -1 -1 -1 -1 -1 -1 -1 -1 -1 -1 -1 -1 -1 -1 -1 -1 -1 -1 -1 -1 -1 -1 -1 -1 -1 -1 -1 -1 -1 -1 -1 -1 -1 -1 -1 -1 259 818 594 181 223 187 617 620 544 253 977 205 479 636 931
388 810 868 679 485 271 554 466 130 150 792 902 927 263 811 -1 -1 -1 -1 -1 -1 -1 -1 -1 -1 -1 -1 -1 -1 -1 -1 -1 -1 -1 -1 -1 -1 -1 -1 -1 -1 -1 -1 -1 -1 -1 -1 -1 -1 -1 -1 -1 -1 -1 -1 -1 -1 -1 -1 -1 -1 -1 -1 -1 -1 -1 -1 -1 -1 -1 -1 -1 -1 -1 -1 -1 -1 -1 -1 -1 -1 -1 -1 -1 -1 21 77 953 849 169 967 526 162 831 105 807 388 728 321 567
327 497 734 144 314 296 128 710 444 656 548 193 731 447 594 -1 -1 -1 -1 -1 -1 -1 -1 -1 -1 -1 -1 -1 -1 -1 -1 -1 -1 -1 -1 -1 -1 -1 -1 -1 -1 -1 -1 -1 -1 -1 -1 -1 -1 -1 -1 -1 -1 -1 -1 -1 -1 -1 -1 -1 -1 -1 -1 -1 -1 -1 -1 -1 -1 -1 -1 -1 -1 -1 -1 -1 -1 -1 -1 -1 -1 -1 -1 -1 -1 317 991 664 7 288 545 224 373 43 571 343 32 705 432 469
418 889 427 653 22 353 950 325 92 27 350 10 122 315 324 -1 -1 -1 -1 -1 -1 -1 -1 -1 -1 -1 -1 -1 -1 -1 -1 -1 -1 -1 -1 -1 -1 -1 -1 -1 -1 -1 -1 -1 -1 -1 -1 -1 -1 -1 -1 -1 -1 -1 -1 -1 -1 -1 -1 -1 -1 -1 -1 -1 -1 -1 -1 -1 -1 -1 -1 -1 -1 -1 -1 -1 -1 -1 -1 -1 -1 -1 -1 -1 -1 919 386 834 640 217 801 142 230 841 236 636 163 230 204 310
600 250 109 115 446 407 237 101 963 601 538 596 657 733 903 -1 -1 -1 -1 -1 -1 -1 -1 -1 -1 -1 -1 -1 -1 -1 -1 -1 -1 -1 -1 -1 -1 -1 -1 -1 -1 -1 -1 -1 -1 -1 -1 -1 -1 -1 -1 -1 -1 -1 -1 -1 -1 -1 -1 -1 -1 -1 -1 -1 -1 -1 -1 -1 -1 -1 -1 -1 -1 -1 -1 -1 -1 -1 -1 -1 -1 -1 -1 -1 -1 769 520 370 178 165 147 233 634 135 351 769 372 26 363 341
361 478 443 800 402 334 152 751 701 121 685 75 186 515 214 -1 -1 -1 -1 -1 -1 -1 -1 -1 -1 -1 -1 -1 -1 -1 -1 -1 -1 -1 -1 -1 -1 -1 -1 -1 -1 -1 -1 -1 -1 -1 -1 -1 -1 -1 -1 -1 -1 -1 -1 -1 -1 -1 -1 -1 -1 -1 -1 -1 -1 -1 -1 -1 -1 -1 -1 -1 -1 -1 -1 -1 -1 -1 -1 -1 -1 -1 -1 -1 -1 788 100 790 620 458 389 969 332 707 769 801 789 281 822 494
221 229 155 51 85 227 764 893 832 685 476 637 415 528 604 -1 -1 -1 -1 -1 -1 -1 -1 -1 -1 -1 -1 -1 -1 -1 -1 -1 -1 -1 -1 -1 -1 -1 -1 -1 -1 -1 -1 -1 -1 -1 -1 -1 -1 -1 -1 -1 -1 -1 -1 -1 -1 -1 -1 -1 -1 -1 -1 -1 -1 -1 -1 -1 -1 -1 -1 -1 -1 -1 -1 -1 -1 -1 -1 -1 -1 -1 -1 -1 -1 210 974 197 453 718 866 565 95 131 860 799 56 142 715 830
709 329 158 919 946 922 830 737 267 377 764 600 471 158 11 -1 -1 -1 -1 -1 -1 -1 -1 -1 -1 -1 -1 -1 -1 -1 -1 -1 -1 -1 -1 -1 -1 -1 -1 -1 -1 -1 -1 -1 -1 -1 -1 -1 -1 -1 -1 -1 -1 -1 -1 -1 -1 -1 -1 -1 -1 -1 -1 -1 -1 -1 -1 -1 -1 -1 -1 -1 -1 -1 -1 -1 -1 -1 -1 -1 -1 -1 -1 -1 -1 699 398 301 577 279 626 604 403 563 471 528 822 754 398 29
99 906 887 358 354 619 421 129 966 669 377 649 582 86 344 -1 -1 -1 -1 -1 -1 -1 -1 -1 -1 -1 -1 -1 -1 -1 -1 -1 -1 -1 -1 -1 -1 -1 -1 -1 -1 -1 -1 -1 -1 -1 -1 -1 -1 -1 -1 -1 -1 -1 -1 -1 -1 -1 -1 -1 -1 -1 -1 -1 -1 -1 -1 -1 -1 -1 -1 -1 -1 -1 -1 -1 -1 -1 -1 -1 -1 -1 -1 -1 -1 285 883 582 151 10 592 257 324 484 42 587 262 37 472 732
208 513 472 347 667 161 888 587 921 686 349 710 288 123 122 -1 -1 -1 -1 -1 -1 -1 -1 -1 -1 -1 -1 -1 -1 -1 -1 -1 -1 -1 -1 -1 -1 -1 -1 -1 -1 -1 -1 -1 -1 -1 -1 -1 -1 -1 -1 -1 -1 -1 -1 -1 -1 -1 -1 -1 -1 -1 -1 -1 -1 -1 -1 -1 -1 -1 -1 -1 -1 -1 -1 -1 -1 -1 -1 -1 -1 -1 -1 -1 -1 303 902 130 147 325 696 554 753 314 168 807 884 532 718 173
549 463 749 90 407 250 556 238 630 485 345 536 531 497 455 -1 -1 -1 -1 -1 -1 -1 -1 -1 -1 -1 -1 -1 -1 -1 -1 -1 -1 -1 -1 -1 -1 -1 -1 -1 -1 -1 -1 -1 -1 -1 -1 -1 -1 -1 -1 -1 -1 -1 -1 -1 -1 -1 -1 -1 -1 -1 -1 -1 -1 -1 -1 -1 -1 -1 -1 -1 -1 -1 -1 -1 -1 -1 -1 -1 -1 -1 -1 -1 -1 25 914 245 63 248 312 664 664 26 835 843 534 154 653 206
627 725 724 854 807 11 944 897 299 714 29 376 269 184 907 -1 -1 -1 -1 -1 -1 -1 -1 -1 -1 -1 -1 -1 -1 -1 -1 -1 -1 -1 -1 -1 -1 -1 -1 -1 -1 -1 -1 -1 -1 -1 -1 -1 -1 -1 -1 -1 -1 -1 -1 -1 -1 -1 -1 -1 -1 -1 -1 -1 -1 -1 -1 -1 -1 -1 -1 -1 -1 -1 -1 -1 -1 -1 -1 -1 -1 -1 -1 -1 -1 264 323 730 947 637 205 583 223 157 343 732 381 54 733 701
450 550 821 282 804 429 713 26 813 490 42 168 148 750 216 -1 -1 -1 -1 -1 -1 -1 -1 -1 -1 -1 -1 -1 -1 -1 -1 -1 -1 -1 -1 -1 -1 -1 -1 -1 -1 -1 -1 -1 -1 -1 -1 -1 -1 -1 -1 -1 -1 -1 -1 -1 -1 -1 -1 -1 -1 -1 -1 -1 -1 -1 -1 -1 -1 -1 -1 -1 -1 -1 -1 -1 -1 -1 -1 -1 -1 -1 -1 -1 -1 901 223 115 616 375 443 609 613 802 718 123 15 791 70 988
403 165 221 961 508 315 156 53 650 828 89 905 147 603 326 -1 -1 -1 -1 -1 -1 -1 -1 -1 -1 -1 -1 -1 -1 -1 -1 -1 -1 -1 -1 -1 -1 -1 -1 -1 -1 -1 -1 -1 -1 -1 -1 -1 -1 -1 -1 -1 -1 -1 -1 -1 -1 -1 -1 -1 -1 -1 -1 -1 -1 -1 -1 -1 -1 -1 -1 -1 -1 -1 -1 -1 -1 -1 -1 -1 -1 -1 -1 -1 -1 702 729 567 738 858 532 33 787 293 463 189 78 982 512 235
812 463 976 447 353 413 319 374 648 317 167 430 891 247 632 -1 -1 -1 -1 -1 -1 -1 -1 -1 -1 -1 -1 -1 -1 -1 -1 -1 -1 -1 -1 -1 -1 -1 -1 -1 -1 -1 -1 -1 -1 -1 -1 -1 -1 -1 -1 -1 -1 -1 -1 -1 -1 -1 -1 -1 -1 -1 -1 -1 -1 -1 -1 -1 -1 -1 -1 -1 -1 -1 -1 -1 -1 -1 -1 -1 -1 -1 -1 -1 -1 734 653 262 633 186 872 637 229 240 404 104 276 117 505 811
485 159 813 102 446 245 968 163 274 677 173 905 945 695 313 -1 -1 -1 -1 -1 -1 -1 -1 -1 -1 -1 -1 -1 -1 -1 -1 -1 -1 -1 -1 -1 -1 -1 -1 -1 -1 -1 -1 -1 -1 -1 -1 -1 -1 -1 -1 -1 -1 -1 -1 -1 -1 -1 -1 -1 -1 -1 -1 -1 -1 -1 -1 -1 -1 -1 -1 -1 -1 -1 -1 -1 -1 -1 -1 -1 -1 -1 -1 -1 -1 468 971 735 883 493 348 27 449 669 640 409 284 440 578 17
127 937 855 358 729 338 519 276 857 718 126 783 686 408 274 -1 -1 -1 -1 -1 -1 -1 -1 -1 -1 -1 -1 -1 -1 -1 -1 -1 -1 -1 -1 -1 -1 -1 -1 -1 -1 -1 -1 -1 -1 -1 -1 -1 -1 -1 -1 -1 -1 -1 -1 -1 -1 -1 -1 -1 -1 -1 -1 -1 -1 -1 -1 -1 -1 -1 -1 -1 -1 -1 -1 -1 -1 -1 -1 -1 -1 -1 -1 -1 -1 463 74 281 676 176 562 137 967 943 840 475 248 204 482 929
460 767 587 252 327 797 611 65 204 882 581 851 73 978 215 -1 -1 -1 -1 -1 -1 -1 -1 -1 -1 -1 -1 -1 -1 -1 -1 -1 -1 -1 -1 -1 -1 -1 -1 -1 -1 -1 -1 -1 -1 -1 -1 -1 -1 -1 -1 -1 -1 -1 -1 -1 -1 -1 -1 -1 -1 -1 -1 -1 -1 -1 -1 -1 -1 -1 -1 -1 -1 -1 -1 -1 -1 -1 -1 -1 -1 -1 -1 -1 -1 949 103 480 610 826 159 502 51 58 124 296 961 327 382 58
78 564 681 70 800 538 855 139 269 685 73 958 343 421 263 -1 -1 -1 -1 -1 -1 -1 -1 -1 -1 -1 -1 -1 -1 -1 -1 -1 -1 -1 -1 -1 -1 -1 -1 -1 -1 -1 -1 -1 -1 -1 -1 -1 -1 -1 -1 -1 -1 -1 -1 -1 -1 -1 -1 -1 -1 -1 -1 -1 -1 -1 -1 -1 -1 -1 -1 -1 -1 -1 -1 -1 -1 -1 -1 -1 -1 -1 -1 -1 -1 802 182 361 179 552 455 640 962 89 879 48 360 652 586 526
886 981 159 267 351 869 708 349 441 570 10 459 242 713 268 -1 -1 -1 -1 -1 -1 -1 -1 -1 -1 -1 -1 -1 -1 -1 -1 -1 -1 -1 -1 -1 -1 -1 -1 -1 -1 -1 -1 -1 -1 -1 -1 -1 -1 -1 -1 -1 -1 -1 -1 -1 -1 -1 -1 -1 -1 -1 -1 -1 -1 -1 -1 -1 -1 -1 -1 -1 -1 -1 -1 -1 -1 -1 -1 -1 -1 -1 -1 -1 -1 11 604 627 395 527 981 183 348 26 237 398 149 249 386 204
95 931 393 883 753 329 273 89 383 193 855 218 823 968 747 -1 -1 -1 -1 -1 -1 -1 -1 -1 -1 -1 -1 -1 -1 -1 -1 -1 -1 -1 -1 -1 -1 -1 -1 -1 -1 -1 -1 -1 -1 -1 -1 -1 -1 -1 -1 -1 -1 -1 -1 -1 -1 -1 -1 -1 -1 -1 -1 -1 -1 -1 -1 -1 -1 -1 -1 -1 -1 -1 -1 -1 -1 -1 -1 -1 -1 -1 -1 -1 -1 767 530 433 238 537 664 263 915 895 660 735 214 767 550 188
621 147 230 234 558 866 575 146 435 464 269 675 109 732 917 -1 -1 -1 -1 -1 -1 -1 -1 -1 -1 -1 -1 -1 -1 -1 -1 -1 -1 -1 -1 -1 -1 -1 -1 -1 -1 -1 -1 -1 -1 -1 -1 -1 -1 -1 -1 -1 -1 -1 -1 -1 -1 -1 -1 -1 -1 -1 -1 -1 -1 -1 -1 -1 -1 -1 -1 -1 -1 -1 -1 -1 -1 -1 -1 -1 -1 -1 -1 -1 -1 845 356 372 242 805 445 363 559 713 655 215 740 580 847 920
509 740 925 984 665 367 403 209 66 847 988 1000 7 784 404 -1 -1 -1 -1 -1 -1 -1 -1 -1 -1 -1 -1 -1 -1 -1 -1 -1 -1 -1 -1 -1 -1 -1 -1 -1 -1 -1 -1 -1 -1 -1 -1 -1 -1 -1 -1 -1 -1 -1 -1 -1 -1 -1 -1 -1 -1 -1 -1 -1 -1 -1 -1 -1 -1 -1 -1 -1 -1 -1 -1 -1 -1 -1 -1 -1 -1 -1 -1 -1 -1 10 647 374 838 665 425 467 330 910 32 744 590 197 602 172
49 908 194 153 365 856 292 78 167 724 222 725 886 891 104 -1 -1 -1 -1 -1 -1 -1 -1 -1 -1 -1 -1 -1 -1 -1 -1 -1 -1 -1 -1 -1 -1 -1 -1 -1 -1 -1 -1 -1 -1 -1 -1 -1 -1 -1 -1 -1 -1 -1 -1 -1 -1 -1 -1 -1 -1 -1 -1 -1 -1 -1 -1 -1 -1 -1 -1 -1 -1 -1 -1 -1 -1 -1 -1 -1 -1 -1 -1 -1 -1 39 220 565 286 924 604 583 654 46 716 30 713 139 833 152
13 145 271 287 907 737 161 563 416 395 129 335 627 28 752 -1 -1 -1 -1 -1 -1 -1 -1 -1 -1 -1 -1 -1 -1 -1 -1 -1 -1 -1 -1 -1 -1 -1 -1 -1 -1 -1 -1 -1 -1 -1 -1 -1 -1 -1 -1 -1 -1 -1 -1 -1 -1 -1 -1 -1 -1 -1 -1 -1 -1 -1 -1 -1 -1 -1 -1 -1 -1 -1 -1 -1 -1 -1 -1 -1 -1 -1 -1 -1 -1 666 371 142 519 574 475 173 30 487 10 575 307 525 530 106
654 238 865 944 715 307 739 712 919 222 553 493 674 815 952 -1 -1 -1 -1 -1 -1 -1 -1 -1 -1 -1 -1 -1 -1 -1 -1 -1 -1 -1 -1 -1 -1 -1 -1 -1 -1 -1 -1 -1 -1 -1 -1 -1 -1 -1 -1 -1 -1 -1 -1 -1 -1 -1 -1 -1 -1 -1 -1 -1 -1 -1 -1 -1 -1 -1 -1 -1 -1 -1 -1 -1 -1 -1 -1 -1 -1 -1 -1 -1 -1 114 55 228 460 680 610 743 147 700 44 229 88 141 451 907
258 624 695 992 148 722 229 483 405 295 859 643 65 250 744 729 107 114 482 16 693 918 947 194 405 802 476 783 426 153 958 417 310 684 730 198 115 298 154 47 195 582 471 178 266 448 805 317 318 686 844 76 411 867 449 748 400 745 716 81 38 892 291 725 450 279 670 346 704 907 164 74 610 420 543 117 386 439 428 147 181 161 70 50 320 26 886 931 750 282 254 513 317 494 558 39 401 117 956 532
546 919 114 893 339 67 997 114 903 439 149 25 39 375 578 722 180 365 58 395 327 565 325 832 636 171 398 913 410 156 783 852 945 401 631 208 405 522 964 670 301 21 260 244 188 743 776 332 992 825 874 814 929 823 526 497 100 469 31 511 873 322 108 914 457 450 779 257 692 767 460 608 698 960 882 71 320 4 109 89 869 897 683 711 638 200 120 549 269 934 65 426 248 612 26 367 427 42 198 49
726 821 283 753 864 86 556 939 274 911 291 945 291 921 305 191 5 613 72 186 980 981 232 508 515 538 686 443 88 929 913 941 95 619 227 460 707 827 998 265 476 808 368 64 502 812 82 291 303 820 221 97 787 160 750 640 635 885 508 56 171 442 263 626 419 696 443 129 521 542 717 600 28 739 334 861 260 629 622 948 616 42 579 310 368 981 857 628 570 171 88 896 560 911 155 337 700 823 500 206
175 797 980 321 518 11 869 354 810 676 597 51 162 164 611 680 311 482 799 513 465 930 143 965 882 973 276 335 860 925 725 281 997 716 435 434 232 722 938 139 726 980 506 623 117 897 999 322 896 390 54 644 887 676 322 733 216 328 629 307 502 92 18 425 193 197 587 491 350 517 422 39 289 777 846 238 192 613 247 252 329 614 753 411 351 688 529 943 945 176 856 888 925 313 672 918 976 344 407 692
28 140 366 842 228 150 684 199 70 105 548 137 912 828 826 948 305 254 589 77 541 287 703 48 124 906 792 407 704 438 508 221 541 799 131 85 491 888 817 294 586 928 263 434 829 547 570 399 233 787 611 261 992 822 367 785 897 961 480 977 531 781 395 265 10 145 187 750 904 240 454 449 328 549 54 975 599 884 539 614 475 179 583 690 185 545 827 201 978 205 592 292 248 557 735 338 612 707 884 505
536 335 661 955 693 708 671 642 717 298 606 636 207 86 487 357 522 481 525 122 276 564 313 322 476 915 730 625 753 286 323 927 426 939 908 640 821 975 779 940 694 717 572 655 218 6 390 971 861 722 801 252 505 541 133 612 969 453 76 65 269 995 483 828 502 792 52 211 652 898 504 978 157 304 515 373 289 322 665 633 412 12 576 956 420 861 189 633 788 666 355 22 934 259 746 756 985 4 232 60
293 824 602 757 319 262 570 642 256 68 126 876 854 174 420 988 968 190 406 762 634 739 621 225 402 762 573 456 294 16 131 595 656 625 879 102 393 336 748 575 149 583 934 484 515 297 323 813 960 951 693 363 564 480 567 241 101 644 318 290 243 851 490 596 812 457 125 675 240 670 796 720 791 507 563 483 362 942 45 815 384 698 732 573 146 505 782 628 465 204 481 512 303 196 468 333 780 280 267 40
191 332 683 575 270 165 712 93 403 443 381 565 335 557 870 971 307 559 257 488 779 97 756 2 416 659 51 5 952 700 251 899 848 701 197 166 178 351 613 717 210 458 411 509 421 904 129 818 868 729 959 623 733 960 708 811 267 421 878 508 807 77 484 632 167 887 201 409 686 840 139 289 843 730 605 831 743 728 938 992 57 29 292 794 44 910 236 228 141 877 970 882 61 714 607 553 960 95 115 118
95 277 958 277 470 399 722 684 102 269 136 306 921 915 713 882 427 92 661 561 300 530 583 791 512 370 880 655 866 647 485 782 602 498 183 536 537 73 586 127 813 454 320 605 112 402 255 348 198 938 264 787 151 248 657 68 9 476 997 68 514 509 210 787 188 994 403 133 138 486 136 528 586 484 947 559 604 951 268 965 113 854 912 878 31 77 332 195 917 327 184 428 74 3 19 134 612 75 556 866
913 101 982 521 137 637 865 69 344 354 480 724 795 456 861 608 33 649 548 371 354 525 528 43 167 611 296 322 438 112 307 623 589 79 659 437 731 227 590 842 524 233 570 738 131 185 402 997 469 509 196 655 115 507 718 950 504 16 184 657 820 446 642 111 608 567 385 534 139 842 455 997 229 126 841 916 386 541 677 498 257 35 779 511 117 742 467 3 251 344 703 823 365 770 331 268 84 764 914 811
1000 77 13 50 281 356 488 487 437 181 268 152 911 758 220 923 709 940 584 566 803 172 247 50 215 569 618 727 991 789 23 107 329 130 364 781 835 80 98 7 412 138 29 243 595 292 113 700 519 432 863 56 119 321 304 461 355 919 625 898 682 861 695 440 941 799 749 353 564 632 172 535 232 963 467 480 848 328 951 440 664 945 556 415 727 501 149 549 807 53 32 524 347 398 213 821 320 256 927 477
4 841 873 825 686 116 379 165 303 394 691 936 584 48 748 804 573 789 113 145 871 230 138 944 504 323 672 211 497 626 754 649 790 819 600 905 845 836 702 388 154 333 819 240 967 398 346 778 738 984 168 732 367 978 400 191 600 173 267 122 194 482 172 300 906 530 235 975 448 46 152 342 155 633 819 912 365 578 913 549 487 446 2 632 280 861 728 142 874 860 482 486 206 59 522 953 546 430 986 511
295 678 702 953 799 365 954 72 611 444 649 725 8 439 354 992 54 78 546 868 379 285 522 69 442 517 983 5 204 190 577 223 169 933 368 611 912 353 92 188 677 154 452 862 171 963 41 900 899 703 12 641 771 490 997 285 426 682 942 650 219 334 271 72 849 997 827 614 514 298 227 625 182 671 689 274 929 528 688 171 863 793 986 554 824 386 138 138 605 490 155 54 937 210 552 879 347 835 160 576
847 934 168 611 780 239 975 373 376 130 744 231 6 903 3 718 340 38 673 251 380 99 205 178 853 716 442 332 455 407 309 855 350 487 972 932 953 209 191 354 699 154 14 897 690 20 892 33 830 672 554 220 508 445 271 289 283 786 862 754 999 936 57 145 725 740 253 326 790 636 925 956 383 336 396 549 991 395 597 515 595 689 37 985 679 275 483 161 902 161 894 455 460 688 209 469 18 468 875 772
619 683 189 369 971 170 969 853 277 700 1000 132 56 61 520 15 433 206 890 33 622 460 711 781 836 644 503 233 444 98 405 394 956 186 695 659 955 454 932 488 183 546 719 448 194 732 395 851 617 727 199 111 407 154 925 137 698 421 350 563 501 524 176 369 254 247 138 472 520 784 542 368 947 343 160 97 603 538 79 381 359 497 2 757 115 194 677 471 87 1000 996 781 25 977 639 865 489 664 846 784