424 689 993 45 538 880 984 300 125 154 980 139 852 880 153 331 223 378 828 254 496 523 721 889 141 162 631 508 223 659 927 38 67 407 899 429 791 200 252 766 14 208 334 128 71 787 759 591 571 731 957 718 893 883 527 573 279 726 471 372 506 634 798 951 573 760 113 940 610 454 219 969 821 64 282 658 86 243 253 778 449 882 742 33 684 997 317 918 481 680 909 205 332 616 219 411 782 516 851 953
279 296 654 591 784 898 144 204 310 465 920 964 919 526 590 37 159 780 620 623 32 308 434 721 220 896 330 94 7 542 996 22 825 421 668 129 170 836 345 650 128 720 335 177 342 774 1000 499 430 578 343 101 441 119 966 542 605 415 850 772 32 269 788 730 922 682 809 217 656 124 309 308 127 957 700 160 967 427 459 907 225 611 670 140 322 123 897 587 521 25 147 938 806 365 456 53 61 438 719 163
393 73 304 151 307 441 348 584 918 939 500 651 195 845 322 666 506 142 375 979 194 411 109 530 671 757 259 207 442 295 480 101 448 143 953 572 381 275 102 495 19 647 306 16 333 541 674 236 280 661 327 618 220 493 439 337 358 180 736 250 10 730 350 98 368 586 128 267 420 428 102 292 578 941 925 295 849 593 781 314 135 275 522 409 885 98 938 562 885 55 503 810 57 893 821 7 125 993 189 779
238 902 551 593 848 858 54 959 270 961 178 399 340 662 685 213 899 523 654 511 487 708 349 188 575 574 919 129 664 218 994 67 362 932 124 166 529 584 874 501 944 239 430 691 26 726 792 833 753 407 994 624 563 308 134 657 890 697 426 3 908 681 901 701 443 508 730 940 7 295 333 183 905 189 349 849 154 900 905 814 844 554 903 57 775 81 282 813 280 352 586 459 862 957 522 939 854 814 90 109
377 997 768 335 588 612 244 181 530 218 214 853 673 677 695 685 168 520 837 239 408 430 846 1000 900 363 82 110 478 633 89 916 79 965 629 458 711 898 155 704 390 229 910 853 441 9 748 604 432 509 213 584 640 107 209 624 20 370 121 669 681 663 944 290 258 857 883 579 593 251 214 34 191 62 433 663 782 15 452 135 380 965 262 376 10 239 147 674 278 588 927 128 317 331 686 216 439 198 59 206
538 693 290 702 859 844 905 620 415 826 779 810 848 989 167 935 111 531 864 201 647 601 652 175 956 198 38 730 740 645 124 522 817 794 140 323 253 232 779 817 814 690 600 826 395 865 816 651 438 941 65 477 484 400 35 160 465 174 277 873 208 961 701 312 426 828 354 493 149 174 934 820 176 465 255 390 861 427 998 762 399 509 859 979 189 66 815 315 758 602 547 544 542 615 511 621 636 759 285 25
536 108 591 128 85 180 827 813 970 253 208 802 585 854 106 108 915 113 880 539 352 259 888 459 859 174 745 391 919 940 896 931 681 963 11 673 472 209 310 376 522 848 796 560 712 236 776 753 949 291 84 606 811 813 73 477 390 886 881 753 69 744 649 994 958 797 666 43 456 28 866 21 911 226 742 820 3 676 962 784 834 578 36 557 367 623 334 741 58 120 251 164 578 970 30 556 14 236 187 985
553 558 467 529 442 501 230 640 773 464 542 694 584 874 103 280 995 289 257 640 271 243 597 887 990 569 611 873 442 877 479 158 126 607 447 969 978 85 811 238 83 556 869 729 179 618 154 652 862 238 712 640 662 402 712 1000 32 295 111 203 814 626 169 600 695 37 238 342 349 456 480 300 790 178 755 238 646 226 295 314 83 947 980 553 338 39 93 457 969 787 366 755 5 843 897 509 800 939 630 696
840 675 510 196 967 890 152 841 500 159 217 192 664 81 926 375 664 396 37 851 885 397 100 743 348 73 339 228 346 893 444 56 650 191 586 704 175 348 529 345 540 650 774 826 738 160 520 700 969 795 679 934 138 179 51 43 699 606 816 285 436 708 665 199 530 595 434 718 203 613 570 241 697 495 272 426 226 428 421 75 678 347 515 973 98 124 892 886 325 538 597 105 147 718 143 856 832 534 672 321
829 573 581 632 368 324 531 477 171 270 735 286 754 61 224 61 53 394 814 956 88 745 577 797 395 100 755 300 317 452 340 988 793 986 469 963 307 917 120 49 364 245 48 876 739 944 644 855 484 114 800 180 918 362 293 64 744 234 552 262 693 239 2 622 49 706 647 958 227 261 290 513 300 178 896 392 31 673 506 70 83 720 768 832 397 79 59 997 610 172 841 208 945 728 782 346 832 781 400 481
660 83 378 874 285 102 592 839 613 324 464 482 744 929 379 793 364 222 324 584 301 412 72 847 831 519 717 225 796 783 79 484 645 179 642 197 174 240 232 913 514 801 468 88 304 959 608 630 60 252 252 362 920 963 32 780 996 651 404 553 587 5 453 785 263 3 74 388 992 930 103 977 937 602 553 248 171 756 676 105 15 395 689 181 925 151 140 860 210 119 953 28 712 263 293 888 627 5 235 702
531 370 677 150 322 360 677 628 961 397 300 670 826 773 989 311 185 355 101 426 849 979 687 407 99 659 76 353 82 732 691 651 422 79 442 692 314 783 542 128 505 847 623 956 286 677 366 634 754 343 98 749 610 108 119 591 448 374 697 538 105 838 153 219 271 416 909 141 913 168 950 573 793 710 973 697 182 430 350 671 114 834 609 347 908 36 173 32 145 101 460 644 742 17 30 494 90 261 569 421
18 157 236 581 149 712 99 530 784 211 431 371 650 542 598 974 916 205 53 940 325 611 526 674 740 414 881 133 985 485 210 654 355 152 99 248 358 878 11 535 425 606 269 804 631 281 492 159 244 815 573 556 410 824 605 299 156 189 229 793 154 150 107 76 318 54 386 190 175 397 164 255 939 365 967 993 186 263 733 855 73 135 289 910 196 951 895 936 390 624 580 540 743 101 91 803 667 942 596 157
275 269 854 872 556 324 726 859 970 604 92 977 661 410 499 864 523 363 293 703 969 959 820 661 327 728 585 20 273 515 651 607 705 31 805 258 239 831 222 628 227 486 354 569 865 442 456 501 749 226 485 445 119 394 471 944 618 937 325 966 577 49 342 880 425 390 55 992 533 530 170 249 943 504 124 226 444 46 734 775 762 673 311 136 156 835 449 119 694 1 455 859 254 726 825 839 454 808 943 963
41 968 229 190 784 798 27 145 612 267 414 354 35 954 790 557 932 88 49 669 826 105 33 830 269 681 95 561 472 649 376 722 139 295 181 812 997 33 185 153 447 680 364 375 963 286 94 56 20 307 624 674 191 565 983 160 867 160 362 511 413 606 958 636 286 463 552 684 464 723 963 77 87 893 658 396 365 387 23 799 816 813 517 221 399 883 590 272 618 550 248 156 841 546 436 222 736 18 926 401
629 331 374 533 432 738 555 71 819 321 378 153 346 665 70 116 616 995 935 149 410 502 671 855 424 870 561 885 658 68 468 735 323 423 504 858 852 305 579 68 32 379 32 90 545 19 1 177 610 612 7 442 197 518 496 673 78 424 361 903 768 283 645 390 56 465 125 549 175 278 697 21 805 45 472 98 147 814 891 165 752 174 399 826 31 746 886 866 584 501 68 264 953 293 550 320 372 189 313 288
583 321 987 754 150 670 291 662 674 567 391 277 543 144 639 829 256 560 2 662 447 137 427 209 236 296 982 851 460 302 885 789 698 338 295 136 997 279 448 714 182 78 663 378 979 864 268 952 835 256 801 393 139 999 711 474 368 808 668 284 918 215 548 488 728 220 285 164 145 717 375 445 18 27 708 678 964 252 700 753 56 899 340 851 519 83 344 645 164 721 516 957 214 822 607 683 858 244 793 46
665 38 86 57 120 958 566 776 348 467 614 179 503 974 702 822 531 109 422 125 171 897 152 513 821 321 53 45 508 260 540 486 327 28 487 180 462 746 334 893 877 440 66 774 703 771 509 646 779 476 97 453 420 376 247 749 12 359 282 919 913 730 564 546 780 416 88 143 270 330 271 536 548 693 672 946 534 624 411 584 259 415 677 477 651 475 210 318 705 545 115 126 617 792 578 63 272 48 464 677
137 758 122 563 290 339 352 95 140 415 844 531 432 304 766 530 410 979 817 316 891 288 663 612 764 883 496 180 18 135 288 116 974 668 87 573 158 838 814 729 711 775 980 433 881 385 553 502 74 83 346 307 13 378 822 361 100 59 272 291 747 199 765 476 959 831 809 295 599 361 949 958 1 338 819 398 8 868 373 809 749 987 762 459 701 899 443 423 155 312 425 229 350 490 518 174 675 209 852 609
926 581 517 570 483 572 382 218 737 655 188 675 874 279 748 646 200 273 716 529 206 132 350 584 537 652 267 680 517 589 644 673 561 695 907 74 791 227 959 303 146 153 741 857 180 116 626 322 471 137 255 63 325 627 653 27 538 106 545 473 753 868 802 698 165 76 218 399 362 755 786 153 580 933 626 167 151 405 304 632 134 146 880 783 959 377 469 276 148 90 56 864 196 310 533 837 988 720 115 778
176 121 865 823 174 257 631 282 415 65 803 393 208 964 766 802 327 476 154 79 104 478 801 44 560 219 297 325 975 814 42 658 636 114 706 446 81 177 617 350 361 536 644 406 356 960 117 251 589 47 110 989 596 375 330 796 592 21 942 142 879 469 105 894 184 485 232 271 624 849 853 578 244 342 680 869 359 41 302 374 754 5 479 294 369 241 746 796 301 536 766 989 265 638 27 663 859 342 755 965
651 196 549 998 10 595 504 1000 579 66 828 691 902 414 437 302 274 754 181 924 291 881 111 676 76 571 102 12 58 788 743 612 456 794 560 132 945 739 334 137 208 380 115 397 342 370 48 633 729 655 24 727 223 408 977 29 698 398 17 687 300 699 103 499 358 640 544 194 588 101 740 189 893 104 801 415 432 233 87 36 727 187 938 402 894 458 812 899 871 704 817 429 546 273 611 868 197 952 275 516
242 506 842 476 780 926 791 649 752 117 564 705 187 695 109 538 348 126 158 3 442 223 808 996 170 778 126 341 226 712 9 39 23 727 901 48 632 813 281 456 817 548 388 453 180 805 930 823 671 430 905 934 368 405 206 921 262 510 364 914 738 995 813 127 149 283 76 146 595 677 657 756 353 780 894 262 530 366 498 865 161 604 765 26 939 378 425 878 917 54 176 528 479 349 292 874 10 266 985 238
238 429 481 606 531 503 887 857 301 111 957 67 639 995 619 16 618 169 661 837 160 8 216 202 658 559 997 784 134 12 215 678 599 374 153 44 263 941 656 114 791 440 919 788 536 945 554 889 854 307 260 574 786 98 792 798 48 169 807 516 673 538 702 572 354 521 403 510 957 145 272 189 112 539 975 559 116 225 665 49 593 954 250 957 308 223 561 153 462 414 517 495 472 234 665 384 707 839 992 858
476 932 132 898 170 696 488 841 477 211 459 779 521 92 820 68 178 389 552 918 41 676 993 545 962 141 936 503 467 307 478 922 370 617 407 342 770 932 864 492 881 576 386 381 731 603 70 536 131 298 271 946 781 611 626 534 835 203 268 78 246 33 699 41 360 396 719 542 399 945 978 905 308 857 373 340 388 809 284 695 323 652 90 410 161 901 145 745 541 57 271 744 419 303 433 984 180 373 396 151
813 872 590 219 199 156 528 6 626 488 842 134 994 441 546 481 867 987 199 95 46 366 495 805 757 112 241 21 796 292 672 839 151 773 525 465 729 902 367 638 995 436 720 79 236 231 496 883 975 664 537 117 368 774 235 365 696 945 937 420 525 863 644 410 414 972 31 42 199 319 676 976 512 450 749 53 911 264 557 806 34 367 582 788 334 330 176 624 215 957 880 479 528 184 270 975 322 898 678 78
96 299 815 807 126 939 45 500 115 371 18 392 952 499 898 21 31 804 284 353 679 57 123 181 803 376 508 18 907 162 55 537 156 304 912 508 8 213 591 223 782 500 875 214 831 733 847 225 907 160 679 250 831 882 103 449 261 645 776 891 259 11 300 615 56 724 555 978 573 390 311 316 936 262 977 737 365 105 892 410 617 230 37 84 718 105 230 769 87 806 825 551 226 526 611 73 415 849 608 751
477 119 460 34 664 573 1 559 933 614 243 353 931 874 400 452 596 72 832 982 992 186 631 528 793 20 24 639 24 700 244 540 899 638 472 495 571 753 345 701 136 891 864 902 908 973 796 398 825 392 700 5 169 382 994 253 574 828 481 956 188 542 369 269 261 316 825 905 500 692 6 284 765 108 724 797 63 683 190 727 186 188 976 987 908 44 703 492 667 285 903 957 322 488 499 622 17 518 82 820
764 574 506 584 693 601 215 595 441 315 885 819 80 290 800 234 301 779 306 971 336 372 423 539 635 330 995 345 788 12 927 161 783 229 507 1000 748 353 215 240 979 223 564 277 986 285 669 376 584 684 317 877 906 610 770 200 207 872 536 353 304 332 761 921 708 16 619 619 91 531 426 951 160 714 506 665 95 104 568 835 88 540 989 796 353 671 230 560 686 547 504 708 23 536 672 487 820 222 927 811
351 570 57 557 785 79 837 499 448 157 574 619 439 715 356 185 791 419 27 772 311 178 18 381 316 881 654 838 107 866 975 311 91 520 412 722 67 468 738 723 232 866 798 738 31 97 372 844 386 606 616 188 601 310 841 688 660 955 595 214 599 475 613 464 486 85 980 110 626 116 623 784 913 319 366 296 126 705 859 149 818 215 741 730 118 475 719 422 960 268 716 528 718 164 207 986 90 918 930 166
493 52 215 448 811 214 799 344 723 701 429 615 223 448 578 534 42 87 317 343 234 789 708 570 131 95 887 34 646 268 417 760 688 497 51 327 831 887 921 565 807 192 95 782 478 300 377 755 714 322 833 130 746 518 281 987 400 964 34 653 702 381 819 729 158 639 454 437 974 339 59 695 765 934 460 34 189 278 531 117 587 732 392 934 359 234 878 131 883 359 369 844 299 833 991 823 536 658 461 811
52 564 209 137 938 273 875 657 338 694 500 404 828 894 150 700 455 842 903 305 300 38 486 355 539 303 14 433 119 996 900 81 670 712 692 626 711 464 810 50 238 915 451 435 665 201 527 948 877 272 324 476 522 859 505 913 667 411 865 166 857 470 846 360 585 824 553 234 19 183 435 704 131 388 775 446 892 64 859 104 488 806 965 587 966 21 441 998 626 70 663 449 363 557 11 500 782 996 632 338
715 902 267 301 131 509 871 145 125 958 343 185 256 691 323 189 783 879 337 125 333 140 996 785 868 311 705 941 390 761 55 548 588 680 787 630 421 656 500 958 101 800 940 285 266 538 773 368 884 13 564 172 68 579 767 845 595 141 701 227 798 45 558 277 301 893 970 809 816 653 761 92 417 254 240 910 882 507 456 593 371 409 559 515 576 510 186 866 776 171 364 937 915 660 536 938 947 628 466 484
664 27 809 869 497 363 634 965 390 68 754 268 668 528 182 413 972 750 466 990 415 903 461 21 731 831 393 98 367 838 318 975 691 144 897 343 597 272 760 801 570 277 246 16 600 40 27 510 95 796 591 734 406 587 507 590 991 884 177 241 336 32 889 791 264 205 62 524 208 139 75 117 206 106 467 113 249 487 607 3 262 81 220 607 231 733 466 540 398 693 293 766 497 174 944 970 80 543 485 201
278 943 99 110 973 704 688 402 890 987 760 368 929 982 867 951 276 856 300 459 1000 340 67 854 195 781 650 956 229 82 742 862 710 549 160 946 436 759 153 942 769 723 127 622 126 603 20 293 341 788 918 466 628 595 953 184 695 60 778 30 174 815 545 160 913 347 345 48 784 722 866 156 997 687 976 515 213 569 630 94 907 18 412 757 379 876 393 424 719 76 423 378 554 684 183 531 54 180 775 293
388 177 295 624 587 649 28 761 275 544 684 1000 674 177 983 320 265 321 943 360 165 237 691 827 816 462 714 29 304 155 389 584 823 278 159 574 108 873 35 759 931 999 544 267 144 794 921 865 989 18 822 426 803 237 735 739 989 831 570 467 381 272 370 174 740 132 856 941 509 726 231 681 283 826 448 590 338 808 453 666 142 29 277 902 935 575 71 460 561 740 726 278 331 830 199 849 593 906 807 843
970 703 353 163 222 473 115 441 686 745 263 833 192 710 494 119 907 737 860 233 140 473 830 590 848 783 393 808 898 68 413 219 511 239 418 55 80 356 283 895 922 102 182 753 396 901 862 484 970 574 295 682 29 267 281 73 131 256 122 765 347 231 955 393 6 855 970 420 836 749 884 877 611 262 334 496 396 605 608 638 240 415 765 222 283 490 962 797 822 121 665 912 291 290 134 864 893 156 746 493
494 546 173 929 847 639 838 142 918 539 871 624 987 468 430 442 687 662 293 366 749 332 555 586 524 162 857 195 179 617 671 817 197 322 927 164 983 671 281 345 736 52 840 624 811 87 748 683 864 799 473 14 499 805 309 449 102 805 659 717 448 147 898 343 97 136 913 760 33 85 407 337 947 345 269 188 969 797 636 552 513 776 824 47 449 564 868 452 371 661 809 49 617 727 60 816 979 350 583 913
312 76 25 275 121 762 798 789 893 646 274 626 120 45 218 540 4 559 435 104 321 524 350 234 817 696 455 245 449 666 64 271 861 471 929 635 490 773 658 343 589 771 407 353 254 422 78 327 660 34 419 792 344 637 38 803 525 535 452 551 774 427 771 884 351 550 879 118 721 912 978 291 477 254 990 140 971 208 645 868 85 118 52 526 847 580 110 550 450 1000 988 733 154 537 235 272 380 906 606 298
719 35 477 865 347 411 839 306 307 663 364 315 15 592 441 207 140 354 8 239 153 214 890 748 118 662 732 388 866 509 900 520 627 878 101 468 243 367 777 334 104 833 40 640 842 311 453 686 758 474 558 244 182 428 650 323 338 18 730 783 878 12 923 759 566 961 971 211 417 320 827 100 880 253 360 237 947 510 838 95 669 70 766 655 366 743 459 728 449 68 720 123 1000 798 181 221 485 558 898 689
211 481 398 378 135 783 355 934 701 96 324 498 680 297 588 223 846 153 255 140 89 931 560 557 247 150 558 663 478 632 49 323 363 958 129 288 164 687 472 348 916 83 334 261 879 34 389 518 647 248 525 306 564 185 415 858 589 602 338 360 737 771 36 520 252 325 644 573 327 835 483 702 210 729 982 899 895 833 251 632 1 309 364 435 611 441 238 738 643 825 786 144 817 623 459 785 194 767 945 43
29 509 578 100 616 120 982 103 759 166 575 885 788 931 425 945 641 436 494 331 212 804 33 670 674 696 503 967 502 441 380 788 611 625 699 466 695 688 75 946 891 535 493 761 438 612 328 341 751 906 977 72 882 49 790 766 59 260 11 525 323 704 214 230 992 359 318 295 701 395 739 404 855 704 865 679 391 174 329 355 593 75 791 485 122 753 453 730 848 802 446 494 207 113 862 329 330 203 498 960
794 162 967 41 836 193 976 909 630 923 643 984 902 203 747 551 502 553 833 718 60 971 97 82 71 751 922 650 334 695 644 377 74 404 239 104 422 230 992 603 206 435 494 82 20 780 387 871 737 955 382 121 576 423 579 925 601 122 649 616 503 152 109 52 771 804 548 301 607 388 223 158 921 92 767 382 75 187 955 191 561 194 694 473 54 373 176 654 385 82 982 895 166 538 667 391 194 582 649 766
692 410 769 922 290 78 871 444 248 367 341 303 442 997 981 952 302 649 996 445 690 318 635 922 709 751 795 876 349 401 600 300 432 163 752 166 358 795 534 643 278 827 458 28 119 950 296 519 188 890 312 494 151 518 265 719 403 72 123 175 395 907 506 193 174 964 456 240 171 656 497 239 23 888 298 595 71 174 533 801 232 435 418 329 289 615 216 651 832 537 19 639 771 144 951 682 569 794 877 511
524 937 279 466 31 132 107 137 660 730 851 306 356 942 369 955 331 282 57 908 810 192 737 360 43 10 294 665 879 638 689 346 540 685 113 391 274 884 746 464 824 966 677 422 714 855 613 744 165 726 963 681 442 957 625 50 401 799 517 371 504 600 266 296 282 404 272 344 673 28 926 895 285 192 112 802 427 785 698 241 196 848 847 885 713 950 554 466 509 821 332 494 259 680 79 818 610 246 131 480
975 875 608 704 927 802 433 228 455 97 516 77 480 260 237 505 614 297 700 624 679 989 726 931 252 649 84 861 551 498 196 737 389 592 518 301 221 861 914 262 761 232 887 748 517 651 646 138 403 166 874 944 187 60 557 635 90 107 582 824 977 897 566 122 765 42 5 633 215 504 966 711 92 808 603 914 978 104 855 418 437 214 981 332 470 275 264 326 709 617 172 589 431 809 356 589 369 513 260 719
69 597 921 275 901 99 514 781 141 166 472 307 57 588 849 12 220 553 480 198 990 477 27 583 34 658 386 990 645 973 355 331 459 59 347 683 11 983 623 319 766 578 116 949 292 482 683 279 703 654 825 234 541 786 842 522 777 758 750 385 384 794 280 370 467 23 268 445 835 79 483 255 432 354 505 631 665 212 795 206 915 928 128 696 581 667 7 368 931 930 722 851 296 269 866 355 801 703 66 919
430 755 540 183 315 482 245 560 166 782 5 874 228 538 436 913 971 520 846 830 655 654 534 706 551 873 237 380 584 945 435 629 431 118 612 155 276 899 206 859 804 360 9 707 840 660 927 736 356 479 773 293 466 79 800 310 58 17 310 107 323 212 905 301 535 66 318 211 583 771 737 666 677 39 500 458 369 892 745 124 367 689 140 51 40 442 651 417 623 190 297 788 37 383 703 34 776 256 637 938
94 190 632 301 790 147 741 269 179 485 891 52 348 946 731 127 995 971 138 76 975 207 285 494 746 663 524 248 920 787 285 856 577 476 122 487 464 673 173 743 724 710 522 116 918 586 700 886 348 56 883 55 51 738 778 42 961 245 523 415 301 228 638 143 791 327 738 352 96 716 98 921 426 522 274 955 940 888 638 122 944 141 521 852 88 752 299 929 305 314 279 940 389 450 772 640 271 818 154 710
523 920 771 440 967 354 965 217 960 268 632 782 371 571 239 798 970 894 458 782 792 134 781 510 67 193 873 134 866 193 354 41 49 569 832 584 673 49 649 42 757 747 687 140 227 917 469 188 207 760 -1 499 483 194 627 718 468 297 242 73 206 338 462 87 893 557 394 675 733 631 678 773 782 664 215 472 447 753 630 11 703 557 801 77 312 645 648 612 398 649 985 808 71 133 927 693 324 457 343 567
746 425 700 42 453 353 821 97 127 675 424 629 397 105 15 877 251 818 438 808 503 834 406 30 639 589 874 591 284 941 760 754 680 568 426 938 790 862 677 373 961 698 305 813 687 695 761 947 254 86 244 676 822 636 328 85 26 640 970 194 869 44 402 27 866 311 468 122 293 917 948 407 432 906 302 955 455 936 257 431 466 142 853 557 995 883 738 39 889 275 107 102 244 457 3 797 978 174 582 680
631 579 248 159 935 979 151 30 147 130 65 788 943 763 755 576 584 420 493 558 666 405 122 853 402 549 533 433 820 830 886 156 775 643 741 90 382 255 902 54 162 993 837 456 574 621 98 64 314 233 397 507 566 192 149 278 363 729 807 312 289 452 376 146 83 485 191 43 809 692 699 462 709 212 822 37 505 66 190 869 975 337 399 690 905 980 70 509 844 548 738 844 287 723 804 249 137 953 354 526
991 253 640 296 189 234 265 679 979 382 66 452 986 471 415 237 353 472 261 807 341 48 745 428 982 851 673 149 863 128 535 443 989 243 859 689 84 172 735 444 901 664 225 598 756 255 628 911 562 128 116 299 783 765 239 41 363 299 695 551 549 209 549 921 940 866 989 837 629 75 124 119 43 809 668 510 12 209 321 705 341 233 804 562 873 408 991 487 150 601 952 892 913 358 368 140 531 778 718 9
280 528 334 402 295 449 40 589 822 772 660 559 360 320 125 378 61 561 698 84 324 405 406 770 106 590 847 946 705 482 948 350 164 1 42 182 801 293 583 725 799 759 227 640 818 840 499 739 506 447 420 173 269 187 866 843 316 581 128 163 402 409 679 77 43 624 303 397 870 258 692 415 821 571 577 282 714 56 41 371 395 765 703 104 834 457 55 322 767 158 589 392 679 802 766 568 331 490 980 351
66 222 316 450 372 325 904 838 685 776 423 856 179 564 926 97 712 923 162 544 397 660 295 241 751 390 649 226 137 951 946 134 273 288 36 727 727 364 529 902 171 882 913 685 798 687 72 338 522 428 122 533 504 699 760 844 801 767 924 521 362 962 512 780 632 954 451 800 1 1 191 217 933 189 389 856 320 308 731 179 696 627 570 116 7 5 284 616 426 881 469 107 674 920 498 202 498 141 15 913
441 432 837 221 959 434 283 100 868 547 724 457 260 635 882 55 546 417 473 112 138 215 82 174 272 479 631 456 273 214 226 239 792 127 203 273 611 73 129 638 230 684 815 619 536 759 693 948 622 7 72 260 647 215 817 131 380 629 317 101 592 212 914 646 344 409 81 771 580 692 100 591 287 338 898 505 746 921 751 209 721 133 158 8 284 915 137 158 273 397 294 1 136 126 933 68 856 566 449 701
181 248 982 499 119 484 57 229 20 356 987 66 174 242 479 61 357 809 122 620 796 922 217 760 50 586 276 777 726 400 906 413 222 115 679 475 905 732 315 692 98 905 172 546 711 90 578 717 647 416 93 899 153 380 792 958 654 33 143 334 278 415 204 105 594 671 732 55 273 493 808 808 15 116 252 294 859 392 610 173 252 677 475 724 92 206 502 467 710 576 492 477 460 479 418 103 219 689 552 993
971 711 395 965 671 315 233 254 551 767 421 648 291 594 767 252 265 152 46 228 731 823 580 782 765 315 625 662 783 575 334 435 79 823 349 811 874 50 543 457 876 267 910 798 719 706 367 281 553 967 529 491 394 490 499 541 268 124 265 391 955 442 564 905 57 624 816 746 958 201 736 958 552 900 431 362 66 295 320 502 88 925 567 174 544 357 880 970 778 446 280 971 419 625 154 31 805 671 884 8
388 285 747 229 534 333 755 9 649 335 355 567 529 987 792 32 843 124 794 622 317 383 359 732 16 629 479 491 427 455 699 775 745 499 947 578 341 413 199 879 60 935 15 156 598 660 757 127 981 323 941 127 846 315 147 576 26 155 563 508 169 67 124 369 621 783 263 691 456 756 6 246 779 184 629 914 118 44 503 625 937 209 718 965 109 693 260 378 78 238 863 639 699 630 357 763 729 815 724 629
998 290 768 941 478 972 21 611 784 561 839 57 212 697 303 469 375 431 438 160 569 158 154 382 289 371 809 604 95 699 428 878 234 390 376 983 715 772 89 586 737 981 2 189 282 684 265 336 146 569 597 687 154 262 260 696 786 581 435 696 356 536 561 459 201 54 297 274 920 255 320 615 167 513 107 795 493 380 613 969 913 702 400 508 121 259 818 594 181 223 187 617 620 544 253 977 205 479 636 931
388 810 868 679 485 271 554 466 130 150 792 902 927 263 811 320 703 234 895 411 846 525 852 825 438 834 71 857 847 824 155 721 340 567 983 172 795 544 216 158 239 584 309 355 669 431 8 536 565 837 503 457 863 231 419 601 962 272 603 799 327 166 662 814 951 977 575 578 946 705 658 139 667 493 399 231 677 553 880 384 415 709 613 415 198 21 77 953 849 169 967 526 162 831 105 807 388 728 321 567
327 497 734 144 314 296 128 710 444 656 548 193 731 447 594 958 313 787 271 681 503 809 311 33 365 268 70 709 169 522 768 342 805 44 810 621 822 182 336 14 780 811 228 881 443 278 44 707 680 441 908 566 918 672 83 525 645 21 462 704 525 223 127 46 893 257 24 216 303 88 817 393 51 943 804 61 866 743 829 41 494 661 583 326 202 317 991 664 7 288 545 224 373 43 571 343 32 705 432 469
418 889 427 653 22 353 950 325 92 27 350 10 122 315 324 586 66 312 315 430 559 561 577 250 382 748 393 394 329 827 560 514 1 825 261 525 853 652 337 343 633 52 384 24 128 901 197 139 617 108 905 870 176 686 379 645 153 318 470 924 904 717 165 880 890 782 667 478 54 528 942 979 876 465 438 799 153 122 838 763 847 381 992 414 704 919 386 834 640 217 801 142 230 841 236 636 163 230 204 310
600 250 109 115 446 407 237 101 963 601 538 596 657 733 903 195 106 389 431 182 9 48 72 861 775 629 490 538 72 525 897 510 31 824 622 543 470 983 318 871 926 149 202 153 378 695 542 344 941 591 591 452 838 428 703 36 849 29 61 410 182 785 241 464 218 918 434 86 567 43 376 733 259 267 689 211 799 394 688 220 864 899 651 57 383 769 520 370 178 165 147 233 634 135 351 769 372 26 363 341
361 478 443 800 402 334 152 751 701 121 685 75 186 515 214 231 151 802 56 904 761 722 778 955 828 392 388 577 436 370 382 134 388 325 66 855 187 968 518 526 468 990 630 721 996 799 76 863 762 704 526 213 397 224 57 949 536 293 330 480 699 590 140 590 629 198 58 443 112 125 444 387 522 542 354 306 685 71 817 669 498 585 835 636 902 788 100 790 620 458 389 969 332 707 769 801 789 281 822 494
221 229 155 51 85 227 764 893 832 685 476 637 415 528 604 707 964 965 826 478 716 895 557 302 748 859 515 676 854 150 70 141 709 706 523 691 310 162 178 643 655 1 56 363 852 212 488 311 882 839 150 956 1000 969 506 390 839 537 442 631 580 809 247 577 131 339 212 441 385 217 144 890 716 505 847 605 374 596 17 852 695 565 749 246 522 210 974 197 453 718 866 565 95 131 860 799 56 142 715 830
709 329 158 919 946 922 830 737 267 377 764 600 471 158 11 689 137 804 560 296 818 204 429 449 41 591 574 450 536 332 514 8 912 239 548 986 606 884 206 661 152 480 53 322 565 173 816 354 250 920 811 656 579 537 484 119 573 752 899 731 889 27 217 686 914 454 248 701 703 856 796 905 628 162 330 940 753 75 241 687 13 11 171 815 143 699 398 301 577 279 626 604 403 563 471 528 822 754 398 29
99 906 887 358 354 619 421 129 966 669 377 649 582 86 344 205 245 405 908 324 442 170 366 612 58 589 287 779 213 818 323 317 374 774 691 858 97 611 180 854 9 203 626 172 913 534 500 190 593 337 505 791 420 676 614 890 548 225 311 940 812 127 915 76 773 121 731 50 271 169 365 54 624 302 405 471 872 658 957 125 501 524 691 772 336 285 883 582 151 10 592 257 324 484 42 587 262 37 472 732
208 513 472 347 667 161 888 587 921 686 349 710 288 123 122 2 498 128 557 557 678 560 85 666 315 533 992 109 30 290 490 179 583 720 223 12 333 939 137 556 440 57 476 340 684 963 980 290 510 929 858 413 722 93 422 576 753 823 337 797 656 610 330 748 644 86 631 828 317 577 362 212 706 214 655 678 985 950 19 27 42 255 19 221 260 303 902 130 147 325 696 554 753 314 168 807 884 532 718 173
549 463 749 90 407 250 556 238 630 485 345 536 531 497 455 921 114 659 744 1000 783 259 772 571 715 771 337 186 264 608 846 899 754 527 831 245 646 246 864 360 59 458 383 483 774 94 787 205 400 271 116 404 33 812 737 702 455 651 906 526 582 445 280 113 626 885 138 329 187 181 999 708 913 658 971 685 171 315 624 732 33 393 504 556 380 25 914 245 63 248 312 664 664 26 835 843 534 154 653 206
627 725 724 854 807 11 944 897 299 714 29 376 269 184 907 340 513 191 150 664 952 826 252 868 705 438 258 92 566 812 173 749 19 383 269 854 621 469 944 827 836 398 200 800 117 495 164 450 142 364 194 974 146 214 68 899 805 847 424 173 921 316 892 100 320 939 50 941 290 308 48 820 99 324 453 384 445 238 690 536 986 14 639 158 569 264 323 730 947 637 205 583 223 157 343 732 381 54 733 701
450 550 821 282 804 429 713 26 813 490 42 168 148 750 216 322 281 16 222 137 63 76 423 313 725 99 859 803 318 852 595 108 53 175 958 52 477 491 264 840 319 57 877 715 325 578 689 643 299 174 276 247 755 767 126 853 808 87 781 536 461 409 372 64 910 391 550 754 479 544 884 898 189 243 889 610 948 763 719 831 184 192 787 400 394 901 223 115 616 375 443 609 613 802 718 123 15 791 70 988
403 165 221 961 508 315 156 53 650 828 89 905 147 603 326 358 64 643 619 613 706 328 510 333 492 476 431 932 832 204 144 14 757 986 764 423 518 251 774 252 108 833 6 998 750 832 376 333 305 122 763 38 404 942 571 104 257 293 307 155 537 429 983 362 55 25 416 379 504 576 561 397 17 713 163 624 149 435 674 721 76 814 357 928 307 702 729 567 738 858 532 33 787 293 463 189 78 982 512 235
812 463 976 447 353 413 319 374 648 317 167 430 891 247 632 579 814 673 420 534 881 936 524 790 268 882 706 811 463 176 90 171 338 562 932 62 867 799 626 149 805 280 689 553 994 866 164 979 155 743 671 396 167 223 263 992 290 177 153 593 727 829 177 465 674 620 540 776 23 186 367 975 351 362 321 637 323 737 91 632 635 988 881 206 21 734 653 262 633 186 872 637 229 240 404 104 276 117 505 811
485 159 813 102 446 245 968 163 274 677 173 905 945 695 313 342 326 122 408 784 739 745 669 128 591 416 552 565 684 899 245 271 581 49 919 761 983 596 756 2 710 926 743 657 152 634 186 463 489 719 388 325 869 702 441 816 71 18 410 124 410 648 500 775 486 799 293 117 598 921 628 453 295 922 825 152 420 472 6 277 480 671 34 341 722 468 971 735 883 493 348 27 449 669 640 409 284 440 578 17
127 937 855 358 729 338 519 276 857 718 126 783 686 408 274 685 178 723 498 671 98 620 888 531 393 323 517 478 704 712 802 978 381 55 30 624 210 61 851 62 18 477 968 964 128 650 82 3 736 733 519 293 156 408 559 334 937 900 555 609 772 936 603 205 343 684 850 986 777 45 221 815 252 289 244 14 150 44 361 398 31 963 340 307 687 463 74 281 676 176 562 137 967 943 840 475 248 204 482 929
460 767 587 252 327 797 611 65 204 882 581 851 73 978 215 421 411 288 230 134 277 266 785 429 785 609 247 38 533 877 354 389 934 1 976 370 534 155 420 160 116 895 776 987 662 742 32 641 68 269 970 124 71 210 776 591 346 331 714 759 400 922 93 532 310 756 737 488 914 2 714 751 893 370 932 576 205 979 219 963 648 55 766 644 422 949 103 480 610 826 159 502 51 58 124 296 961 327 382 58
78 564 681 70 800 538 855 139 269 685 73 958 343 421 263 930 501 9 611 175 190 351 435 688 337 731 40 841 524 899 452 982 301 239 182 468 34 65 382 656 182 858 420 306 48 716 570 886 113 94 583 438 998 132 237 162 787 886 998 778 457 802 826 637 600 444 340 363 569 132 207 512 837 193 970 433 42 165 742 97 55 778 844 886 837 802 182 361 179 552 455 640 962 89 879 48 360 652 586 526
886 981 159 267 351 869 708 349 441 570 10 459 242 713 268 198 414 66 766 125 696 191 967 89 514 759 485 245 879 284 436 632 1000 462 992 732 664 363 858 530 944 7 646 934 172 535 842 913 167 299 412 534 766 546 43 794 252 818 697 294 521 104 302 174 592 933 656 903 201 786 507 333 548 221 980 82 192 20 690 992 29 461 519 385 562 11 604 627 395 527 981 183 348 26 237 398 149 249 386 204
95 931 393 883 753 329 273 89 383 193 855 218 823 968 747 349 857 242 877 722 357 90 432 563 123 718 250 43 477 101 338 951 577 49 662 361 305 612 211 354 264 728 994 902 10 788 124 473 780 154 311 355 9 87 753 368 207 299 604 731 82 202 83 660 199 658 4 879 355 182 974 975 485 145 469 330 850 799 364 111 46 316 741 446 256 767 530 433 238 537 664 263 915 895 660 735 214 767 550 188
621 147 230 234 558 866 575 146 435 464 269 675 109 732 917 316 570 714 317 126 725 160 803 194 801 109 228 979 168 1 820 74 164 839 556 492 550 724 251 929 738 236 88 666 787 92 766 818 74 850 397 463 305 810 830 657 20 362 79 194 114 152 1000 493 343 635 661 156 678 983 541 661 607 476 82 53 563 953 522 240 903 392 499 316 49 845 356 372 242 805 445 363 559 713 655 215 740 580 847 920
509 740 925 984 665 367 403 209 66 847 988 1000 7 784 404 212 214 637 231 227 943 126 164 199 691 715 263 658 54 701 747 51 606 9 581 256 373 312 179 270 214 603 865 140 159 190 132 667 255 645 979 888 306 293 515 581 891 564 489 148 521 3 37 38 85 258 197 884 131 405 183 164 839 598 308 13 986 108 113 62 765 266 860 282 528 10 647 374 838 665 425 467 330 910 32 744 590 197 602 172
49 908 194 153 365 856 292 78 167 724 222 725 886 891 104 416 47 244 572 916 863 408 679 19 831 497 798 106 597 284 248 365 695 303 315 299 173 476 976 326 619 789 921 532 23 842 904 379 827 57 754 624 709 862 4 993 982 844 444 612 464 346 276 191 259 281 226 754 578 549 91 130 449 754 442 535 130 233 251 391 384 83 221 781 731 39 220 565 286 924 604 583 654 46 716 30 713 139 833 152
13 145 271 287 907 737 161 563 416 395 129 335 627 28 752 345 234 143 122 856 247 966 350 202 988 88 118 168 454 575 893 965 85 386 779 549 889 811 933 559 100 551 307 561 140 277 30 917 588 715 601 394 371 485 569 886 837 984 352 251 585 446 382 919 339 571 409 889 755 280 687 400 502 645 769 646 898 300 827 989 616 283 505 105 974 666 371 142 519 574 475 173 30 487 10 575 307 525 530 106
654 238 865 944 715 307 739 712 919 222 553 493 674 815 952 369 557 292 872 732 806 709 528 464 612 685 558 274 523 535 965 265 322 341 234 742 688 819 648 870 247 955 23 253 311 363 267 454 423 420 1 56 872 668 205 59 74 239 522 372 420 393 474 789 37 255 695 168 232 670 664 93 272 260 40 658 40 382 4 155 942 842 788 338 33 114 55 228 460 680 610 743 147 700 44 229 88 141 451 907
258 624 695 992 148 722 229 483 405 295 859 643 65 250 744 729 107 114 482 16 693 918 947 194 405 802 476 783 426 153 958 417 310 684 730 198 115 298 154 47 195 582 471 178 266 448 805 317 318 686 844 76 411 867 449 748 400 745 716 81 38 892 291 725 450 279 670 346 704 907 164 74 610 420 543 117 386 439 428 147 181 161 70 50 320 26 886 931 750 282 254 513 317 494 558 39 401 117 956 532
546 919 114 893 339 67 997 114 903 439 149 25 39 375 578 722 180 365 58 395 327 565 325 832 636 171 398 913 410 156 783 852 945 401 631 208 405 522 964 670 301 21 260 244 188 743 776 332 992 825 874 814 929 823 526 497 100 469 31 511 873 322 108 914 457 450 779 257 692 767 460 608 698 960 882 71 320 4 109 89 869 897 683 711 638 200 120 549 269 934 65 426 248 612 26 367 427 42 198 49
726 821 283 753 864 86 556 939 274 911 291 945 291 921 305 191 5 613 72 186 980 981 232 508 515 538 686 443 88 929 913 941 95 619 227 460 707 827 998 265 476 808 368 64 502 812 82 291 303 820 221 97 787 160 750 640 635 885 508 56 171 442 263 626 419 696 443 129 521 542 717 600 28 739 334 861 260 629 622 948 616 42 579 310 368 981 857 628 570 171 88 896 560 911 155 337 700 823 500 206
175 797 980 321 518 11 869 354 810 676 597 51 162 164 611 680 311 482 799 513 465 930 143 965 882 973 276 335 860 925 725 281 997 716 435 434 232 722 938 139 726 980 506 623 117 897 999 322 896 390 54 644 887 676 322 733 216 328 629 307 502 92 18 425 193 197 587 491 350 517 422 39 289 777 846 238 192 613 247 252 329 614 753 411 351 688 529 943 945 176 856 888 925 313 672 918 976 344 407 692
28 140 366 842 228 150 684 199 70 105 548 137 912 828 826 948 305 254 589 77 541 287 703 48 124 906 792 407 704 438 508 221 541 799 131 85 491 888 817 294 586 928 263 434 829 547 570 399 233 787 611 261 992 822 367 785 897 961 480 977 531 781 395 265 10 145 187 750 904 240 454 449 328 549 54 975 599 884 539 614 475 179 583 690 185 545 827 201 978 205 592 292 248 557 735 338 612 707 884 505
536 335 661 955 693 708 671 642 717 298 606 636 207 86 487 357 522 481 525 122 276 564 313 322 476 915 730 625 753 286 323 927 426 939 908 640 821 975 779 940 694 717 572 655 218 6 390 971 861 722 801 252 505 541 133 612 969 453 76 65 269 995 483 828 502 792 52 211 652 898 504 978 157 304 515 373 289 322 665 633 412 12 576 956 420 861 189 633 788 666 355 22 934 259 746 756 985 4 232 60
293 824 602 757 319 262 570 642 256 68 126 876 854 174 420 988 968 190 406 762 634 739 621 225 402 762 573 456 294 16 131 595 656 625 879 102 393 336 748 575 149 583 934 484 515 297 323 813 960 951 693 363 564 480 567 241 101 644 318 290 243 851 490 596 812 457 125 675 240 670 796 720 791 507 563 483 362 942 45 815 384 698 732 573 146 505 782 628 465 204 481 512 303 196 468 333 780 280 267 40
191 332 683 575 270 165 712 93 403 443 381 565 335 557 870 971 307 559 257 488 779 97 756 2 416 659 51 5 952 700 251 899 848 701 197 166 178 351 613 717 210 458 411 509 421 904 129 818 868 729 959 623 733 960 708 811 267 421 878 508 807 77 484 632 167 887 201 409 686 840 139 289 843 730 605 831 743 728 938 992 57 29 292 794 44 910 236 228 141 877 970 882 61 714 607 553 960 95 115 118
95 277 958 277 470 399 722 684 102 269 136 306 921 915 713 882 427 92 661 561 300 530 583 791 512 370 880 655 866 647 485 782 602 498 183 536 537 73 586 127 813 454 320 605 112 402 255 348 198 938 264 787 151 248 657 68 9 476 997 68 514 509 210 787 188 994 403 133 138 486 136 528 586 484 947 559 604 951 268 965 113 854 912 878 31 77 332 195 917 327 184 428 74 3 19 134 612 75 556 866
913 101 982 521 137 637 865 69 344 354 480 724 795 456 861 608 33 649 548 371 354 525 528 43 167 611 296 322 438 112 307 623 589 79 659 437 731 227 590 842 524 233 570 738 131 185 402 997 469 509 196 655 115 507 718 950 504 16 184 657 820 446 642 111 608 567 385 534 139 842 455 997 229 126 841 916 386 541 677 498 257 35 779 511 117 742 467 3 251 344 703 823 365 770 331 268 84 764 914 811
1000 77 13 50 281 356 488 487 437 181 268 152 911 758 220 923 709 940 584 566 803 172 247 50 215 569 618 727 991 789 23 107 329 130 364 781 835 80 98 7 412 138 29 243 595 292 113 700 519 432 863 56 119 321 304 461 355 919 625 898 682 861 695 440 941 799 749 353 564 632 172 535 232 963 467 480 848 328 951 440 664 945 556 415 727 501 149 549 807 53 32 524 347 398 213 821 320 256 927 477
4 841 873 825 686 116 379 165 303 394 691 936 584 48 748 804 573 789 113 145 871 230 138 944 504 323 672 211 497 626 754 649 790 819 600 905 845 836 702 388 154 333 819 240 967 398 346 778 738 984 168 732 367 978 400 191 600 173 267 122 194 482 172 300 906 530 235 975 448 46 152 342 155 633 819 912 365 578 913 549 487 446 2 632 280 861 728 142 874 860 482 486 206 59 522 953 546 430 986 511
295 678 702 953 799 365 954 72 611 444 649 725 8 439 354 992 54 78 546 868 379 285 522 69 442 517 983 5 204 190 577 223 169 933 368 611 912 353 92 188 677 154 452 862 171 963 41 900 899 703 12 641 771 490 997 285 426 682 942 650 219 334 271 72 849 997 827 614 514 298 227 625 182 671 689 274 929 528 688 171 863 793 986 554 824 386 138 138 605 490 155 54 937 210 552 879 347 835 160 576
847 934 168 611 780 239 975 373 376 130 744 231 6 903 3 718 340 38 673 251 380 99 205 178 853 716 442 332 455 407 309 855 350 487 972 932 953 209 191 354 699 154 14 897 690 20 892 33 830 672 554 220 508 445 271 289 283 786 862 754 999 936 57 145 725 740 253 326 790 636 925 956 383 336 396 549 991 395 597 515 595 689 37 985 679 275 483 161 902 161 894 455 460 688 209 469 18 468 875 772
619 683 189 369 971 170 969 853 277 700 1000 132 56 61 520 15 433 206 890 33 622 460 711 781 836 644 503 233 444 98 405 394 956 186 695 659 955 454 932 488 183 546 719 448 194 732 395 851 617 727 199 111 407 154 925 137 698 421 350 563 501 524 176 369 254 247 138 472 520 784 542 368 947 343 160 97 603 538 79 381 359 497 2 757 115 194 677 471 87 1000 996 781 25 977 639 865 489 664 846 784