392 366 469 596 171 299 493 61 900 391 793 336 54 228 934 526 459 453 12 409 310 959 502 715 642 140 328 632 637 492 342 202 565 46 666 716 442 134 862 985 492 288 603 519 61 533 593 879 825 964
99 932 282 454 847 786 400 911 587 595 346 864 96 185 104 172 467 497 43 827 932 123 865 885 793 601 518 209 712 252 251 983 146 456 540 675 661 476 293 506 921 354 541 313 326 725 863 172 837 471
591 209 238 15 421 128 195 704 181 355 703 66 883 684 659 39 914 429 230 85 805 554 551 49 444 183 551 750 731 710 63 222 72 940 4 55 339 805 946 456 98 110 551 253 325 234 138 56 708 167
981 530 982 154 135 140 151 53 292 733 757 283 55 731 944 207 947 626 32 168 132 85 212 993 719 221 975 300 636 332 97 239 888 442 962 70 116 879 957 289 643 458 579 832 491 497 373 567 46 237
535 240 581 936 844 362 272 3 903 865 798 804 805 617 878 699 835 655 601 677 967 787 240 639 207 975 644 305 164 14 118 864 78 495 364 933 8 266 645 861 749 330 718 633 322 702 92 760 989 715
38 160 891 823 189 302 366 758 601 155 981 267 955 768 968 953 846 828 879 624 150 722 649 453 831 114 103 487 831 385 702 634 817 665 141 69 276 690 876 505 428 129 342 331 344 717 778 348 829 229
411 261 317 768 924 839 25 824 873 829 431 978 989 209 969 466 510 491 924 522 351 543 961 223 410 295 238 112 976 6 653 237 396 449 439 306 300 723 296 172 434 281 380 427 848 48 10 593 593 291
58 653 34 264 171 798 980 108 39 916 14 231 314 745 788 627 763 647 342 431 767 487 393 924 459 619 413 392 8 800 94 966 95 577 159 855 910 80 243 768 954 960 420 378 321 293 199 934 391 990
564 903 606 552 787 281 785 148 49 396 463 770 613 825 164 114 100 134 363 508 793 308 160 393 558 720 714 478 462 998 693 834 988 104 86 90 942 686 439 648 602 334 59 726 324 522 831 140 262 254
774 417 255 134 96 622 714 892 605 125 956 785 198 886 235 401 789 556 959 613 38 811 242 10 164 404 962 780 824 461 696 745 175 826 45 123 50 58 54 220 357 20 878 923 796 749 957 749 528 944
139 125 307 45 920 182 368 339 29 946 358 125 367 299 648 487 913 576 284 193 849 813 900 157 507 637 543 632 906 452 988 496 965 204 773 711 217 682 692 440 131 903 578 234 829 154 673 352 791 271
91 300 38 283 57 351 527 546 18 84 208 276 319 705 142 88 493 922 741 707 510 246 443 225 778 894 886 516 327 671 616 51 944 896 1000 44 481 629 450 674 779 279 496 212 525 847 922 493 732 764
5 510 697 455 813 53 346 933 649 456 255 83 978 842 989 523 409 488 439 839 164 716 285 204 147 666 739 567 316 866 833 911 269 853 736 770 878 384 738 369 655 566 554 753 470 745 678 507 463 8
652 842 159 677 697 430 982 940 884 437 711 655 268 279 660 187 789 145 777 367 787 938 318 477 710 222 333 216 223 276 57 124 350 831 737 451 668 408 80 571 363 509 900 353 209 636 627 193 277 829
495 537 559 64 682 601 767 366 378 449 391 2 300 347 907 683 348 270 609 339 740 43 972 19 520 525 606 764 707 765 68 571 648 455 869 519 729 272 637 648 416 499 460 716 432 896 3 833 532 945
856 31 980 600 199 92 49 343 860 203 912 428 627 109 958 847 270 649 648 176 783 627 22 241 455 213 87 909 765 537 387 618 892 271 463 672 788 561 995 99 555 79 81 404 250 494 354 735 207 615
547 405 998 699 855 407 610 476 176 233 795 631 609 701 998 577 68 101 144 901 696 129 821 690 674 301 511 209 478 481 18 946 597 682 753 469 869 632 428 814 996 80 129 980 185 392 325 820 915 913
20 465 147 909 104 669 533 241 757 591 126 701 681 690 512 620 160 216 107 941 1 477 134 66 828 343 66 970 841 525 25 841 679 493 376 868 569 305 807 536 264 652 698 776 658 769 967 508 480 401
829 528 425 908 901 557 550 462 574 366 927 98 545 72 321 258 484 895 1 842 587 565 293 870 194 275 70 614 774 754 717 957 156 841 575 170 352 470 689 807 169 24 425 280 567 617 963 960 546 310
823 155 96 865 468 3 262 73 303 68 807 293 774 779 227 50 696 96 427 927 14 231 886 982 119 540 158 22 951 865 495 473 170 713 890 916 342 152 72 368 99 627 333 207 230 405 64 879 756 455
93 671 234 449 660 28 773 97 481 291 14 387 674 633 506 555 26 440 76 844 529 849 784 792 787 296 503 684 504 366 723 12 493 20 346 870 924 880 814 396 347 503 540 775 423 571 891 675 400 200
682 652 904 64 391 100 185 495 533 422 395 43 236 714 687 319 823 410 676 621 904 504 567 231 856 744 221 253 890 725 376 299 746 212 743 266 960 544 880 969 864 81 111 210 801 690 951 835 48 208
166 186 577 62 920 178 88 17 782 120 370 800 775 901 847 171 626 359 639 786 782 48 619 491 390 754 15 488 333 364 489 136 502 22 248 381 712 740 398 928 563 960 132 791 716 911 330 701 676 18
628 646 852 734 867 3 706 106 426 93 625 949 539 266 992 279 551 973 947 575 478 460 698 391 444 144 912 484 115 987 561 360 786 855 890 717 562 669 32 946 760 344 406 320 933 792 49 878 979 210
286 527 246 921 22 136 112 224 367 183 798 231 623 127 321 985 326 95 729 976 771 862 35 544 299 -1 519 688 125 135 379 629 9 272 255 530 742 952 132 985 149 552 25 125 605 540 544 769 910 489
529 370 962 54 310 30 97 565 75 577 981 396 208 404 736 479 778 545 686 4 786 445 79 77 535 617 733 322 52 140 22 436 196 20 577 210 9 996 753 675 751 588 622 673 690 109 479 317 279 101
618 398 937 739 947 15 502 584 355 46 914 755 122 46 369 753 616 164 107 609 859 816 214 691 85 320 174 222 294 644 271 628 338 319 489 464 785 362 189 598 106 385 366 348 113 249 531 987 119 893
560 300 645 793 478 352 235 401 548 685 670 765 941 526 356 142 270 447 341 442 561 553 261 480 539 909 526 388 729 882 284 650 783 787 864 218 506 959 24 347 433 560 179 460 522 714 112 908 4 377
138 677 51 833 732 702 14 730 592 390 724 824 89 708 773 826 223 510 18 781 566 551 360 811 344 587 664 307 279 493 122 825 483 872 133 912 52 998 699 906 327 67 270 310 83 212 148 74 842 489
108 652 707 581 912 863 51 53 958 211 987 230 963 75 64 528 290 521 338 264 607 233 605 552 631 9 800 388 779 357 655 157 730 432 777 97 550 850 106 169 353 515 75 281 431 452 762 538 784 98
251 654 878 489 727 549 38 663 409 776 959 852 9 662 109 237 71 853 245 58 39 265 766 262 703 916 557 963 97 379 942 299 43 348 808 41 547 551 984 40 228 831 290 764 650 946 192 301 542 819
293 818 750 975 997 272 711 105 518 945 678 925 465 943 825 205 971 956 706 345 287 715 79 987 298 616 69 392 656 172 666 843 867 869 338 722 900 627 31 970 409 660 136 763 855 650 240 58 413 708
476 200 427 121 767 653 340 4 640 293 813 525 507 829 686 948 492 710 167 432 347 312 240 743 104 161 837 895 889 439 709 307 9 409 281 907 242 994 970 939 625 211 493 173 829 305 74 741 146 545
849 460 877 862 830 769 116 909 104 663 398 381 33 728 155 672 563 964 908 951 319 984 150 833 403 421 186 510 403 731 401 562 753 817 773 358 697 293 123 251 564 789 573 697 101 958 747 586 813 40
585 463 467 958 865 682 732 18 831 13 660 199 238 137 946 197 791 21 602 591 94 404 331 567 708 201 196 805 696 851 945 19 639 440 505 171 590 738 824 7 303 39 374 871 508 739 862 320 947 947
864 793 221 276 392 212 843 389 14 764 9 57 654 953 343 453 316 935 712 570 137 128 735 825 187 324 141 786 348 346 636 969 474 126 432 739 53 961 818 545 764 416 42 833 672 525 381 759 73 847
412 244 436 878 185 589 339 687 305 65 247 732 921 843 296 601 674 615 229 653 628 831 344 454 651 648 661 908 129 911 951 145 209 923 622 772 928 502 345 546 846 995 822 947 850 930 893 258 11 72
754 708 596 301 802 756 726 517 277 626 316 774 730 638 361 792 105 274 956 280 455 877 624 800 184 39 155 945 836 914 587 54 344 795 380 329 374 562 913 141 443 477 747 229 349 323 176 346 407 32
290 989 270 982 287 73 23 986 825 190 154 400 507 806 705 984 57 664 443 760 961 36 346 725 786 399 434 516 757 900 135 888 195 345 764 827 744 800 228 686 485 21 509 894 853 382 968 224 506 883
984 685 499 542 385 147 165 916 545 92 246 700 522 41 589 315 442 364 813 701 518 884 810 406 379 64 842 541 505 548 103 917 314 775 906 852 57 609 966 68 392 367 783 91 133 693 732 201 650 29
504 590 470 475 136 187 638 912 153 285 105 603 931 722 469 141 100 375 100 419 319 865 106 49 406 164 456 173 849 362 68 540 686 188 440 838 205 487 215 277 531 346 910 821 541 880 793 679 154 68
542 521 152 826 7 750 601 571 161 243 553 564 441 806 687 987 24 703 187 749 429 358 834 54 19 693 631 422 90 226 917 763 60 414 979 9 290 871 345 960 927 330 347 303 782 848 63 210 171 83
564 87 319 499 247 73 944 263 130 528 67 768 680 151 83 594 956 116 774 222 187 57 910 430 159 533 607 640 540 681 626 811 727 935 88 386 353 847 336 968 416 60 875 790 747 3 331 492 328 867
295 879 855 229 933 259 157 693 646 830 440 498 599 525 357 650 467 593 644 357 705 997 866 753 874 705 354 276 380 315 977 273 308 677 745 462 731 888 641 59 429 239 202 973 145 698 513 150 554 860
688 861 648 765 783 801 897 219 169 945 765 408 748 259 62 634 293 149 591 194 337 619 694 994 178 463 2 731 698 674 843 178 346 60 720 655 835 473 271 934 203 869 849 561 650 750 853 820 520 283
336 306 466 294 111 428 140 167 381 729 335 556 956 115 825 562 215 34 57 714 931 273 688 839 426 951 302 574 321 469 521 37 676 568 689 595 329 849 789 841 658 915 658 799 855 788 188 450 770 326
541 399 214 901 41 334 928 677 828 372 857 172 641 299 276 609 702 168 922 595 662 383 52 436 674 888 179 575 793 285 805 539 541 616 208 855 944 898 428 648 847 583 564 442 126 616 878 148 155 240
55 480 69 406 532 532 26 797 902 333 419 410 422 941 607 976 959 569 883 16 478 647 77 398 945 968 267 425 600 812 516 347 689 407 591 226 95 787 82 119 450 734 686 45 317 326 274 620 925 416
958 316 172 413 254 517 312 356 492 368 615 980 293 276 516 810 145 517 667 597 499 823 353 794 850 962 940 771 463 534 564 987 198 625 291 845 737 983 185 814 545 689 426 391 910 361 396 736 465 278
198 403 230 766 605 40 109 466 82 553 21 73 268 31 203 625 809 605 398 386 22 210 838 637 251 682 279 941 589 128 583 61 102 471 748 331 250 921 953 403 140 663 139 430 609 763 535 132 354 482