343 712 310 437 912 979 113 708 906 639 696 679 895 251 262 968 517 151 783 560 862 184 770 379 406 291 970 924 628 677
713 808 898 357 24 869 745 950 968 337 565 728 343 982 671 769 688 232 148 806 367 627 4 534 153 767 292 766 485 253
541 749 146 37 712 212 737 909 235 952 131 240 9 265 39 131 361 468 133 629 385 109 21 259 468 17 475 816 719 506
480 810 782 597 395 79 739 638 519 747 893 556 554 60 274 583 594 16 194 639 872 258 108 571 480 100 795 991 65 497
656 175 447 356 872 695 963 832 238 819 401 166 676 758 645 818 435 303 428 525 154 132 386 937 821 989 193 730 876 466
673 754 833 98 176 523 300 253 488 698 839 941 673 520 212 812 452 695 104 282 366 803 386 342 509 693 585 923 531 103
261 50 224 32 947 226 249 580 703 23 747 356 764 508 893 145 721 272 770 878 208 419 553 325 403 689 425 64 78 107
431 82 168 180 324 81 487 654 555 524 524 806 494 801 665 927 160 452 839 913 110 179 406 788 332 630 135 484 326 257
266 620 770 294 368 785 933 258 991 57 766 856 519 401 941 889 999 713 232 783 69 791 268 797 623 149 838 999 560 45
459 826 450 832 566 377 412 822 952 975 778 281 271 905 939 330 927 984 888 169 453 418 581 306 921 768 264 583 659 760
357 60 141 70 33 963 541 127 861 881 867 415 53 341 189 606 563 421 932 530 19 343 784 416 882 329 865 487 402 472
430 555 232 624 867 334 113 550 415 112 143 312 439 65 109 798 732 296 723 773 744 40 786 707 466 85 631 618 463 663
602 449 702 378 942 352 470 809 342 585 142 251 349 922 17 248 589 384 398 685 136 427 221 329 607 874 817 474 392 160
601 724 895 390 675 125 240 518 791 869 595 182 631 927 843 995 429 569 876 166 62 793 257 329 10 706 1000 615 441 92
293 900 717 47 7 826 759 943 205 834 945 757 198 44 688 -1 24 357 425 833 50 96 113 661 34 592 522 350 844 793
929 528 984 127 579 606 39 745 156 621 737 359 239 873 170 752 513 438 538 140 739 860 556 126 743 642 6 410 14 372
493 80 952 803 995 235 321 455 815 958 223 356 1 896 233 969 770 330 379 328 168 708 71 26 758 343 398 279 84 804
786 873 825 340 757 185 761 397 515 686 720 573 792 707 151 87 874 3 241 92 892 929 86 371 987 704 700 506 79 586
137 553 601 952 980 584 956 546 591 26 301 327 141 226 374 863 265 526 649 616 685 215 54 173 883 386 651 389 54 115
633 816 739 163 892 527 264 283 217 995 364 979 539 431 332 235 85 349 427 942 367 571 923 275 526 656 587 814 326 2
701 472 380 73 779 447 24 35 796 433 445 650 815 461 436 290 822 569 530 927 380 397 181 708 932 583 360 81 843 194
844 497 72 341 835 89 365 497 163 3 999 781 544 202 955 497 580 785 515 317 333 903 79 881 333 974 80 98 19 680
319 896 635 145 57 94 226 697 806 713 361 118 939 612 233 994 970 107 434 117 822 306 937 813 131 251 347 543 815 958
713 511 903 814 32 871 910 284 178 553 796 905 512 244 821 151 930 432 501 371 582 332 510 741 326 405 174 406 110 172
850 629 462 74 70 873 547 359 848 965 470 775 171 127 204 468 676 991 962 619 274 826 239 862 874 5 750 781 341 107
487 506 541 947 805 142 533 923 391 690 381 390 802 56 698 324 707 846 142 236 88 127 18 401 72 492 133 837 779 798
670 533 928 637 949 34 664 785 151 673 840 816 725 132 30 726 467 838 749 52 56 888 560 235 907 559 635 474 860 947
569 283 56 170 774 959 999 582 274 234 227 596 997 67 254 100 270 697 491 1 840 834 710 194 710 178 741 92 161 985
316 265 343 173 18 599 588 14 930 105 305 641 802 56 982 207 463 317 934 410 113 966 775 413 880 67 33 767 768 404
244 5 922 119 278 778 730 344 912 140 419 944 696 835 432 167 762 134 607 522 95 773 861 696 744 769 958 10 365 32